link,navigationStart, unloadEventStart, unloadEventEnd, redirectStart, redirectEnd, fetchStart, domainLookupStart, domainLookupEnd, connectStart, connectEnd, secureConnectionStart, requestStart, responseStart, responseEnd, domLoading, domInteractive, domContentLoadedEventStart, domComplete, loadEventStart, loadEventEnd
1492198467194,0,0,0,0,1492198467209,1492198468489,1492198468492,1492198468492,1492198468522,1492198468494,1492198468522,1492198468527,1492198468532,1492198468529,1492198468546,1492198468546,1492198469500,1492198469501,1492198469501
1492198529206,0,0,0,0,1492198529223,1492198530522,1492198530523,1492198530523,1492198530547,1492198530525,1492198530547,1492198530603,1492198530607,1492198530604,1492198530676,1492198530676,1492198532570,1492198532570,1492198532570
1492198602185,0,0,0,0,1492198602203,1492198605035,1492198605056,1492198605056,1492198605079,1492198605058,1492198605079,1492198605165,1492198605177,1492198605166,1492198605776,1492198605776,1492198606883,1492198606883,1492198606935
1492198670400,0,0,0,0,1492198670419,1492198673231,1492198673232,1492198673232,1492198673254,1492198673234,1492198673254,1492198673310,1492198673315,1492198673311,1492198673327,1492198673327,1492198674573,1492198674573,1492198674573
1492198746652,0,0,0,0,1492198746670,1492198749552,1492198749556,1492198749556,1492198749578,1492198749558,1492198749578,1492198749583,1492198749594,1492198749584,1492198750222,1492198750222,0,0,0
1492198824954,0,0,0,0,1492198824970,1492198826874,1492198826875,1492198826875,1492198826898,1492198826876,1492198826898,1492198826960,1492198826963,1492198826961,1492198827023,1492198827023,1492198828498,1492198828498,1492198828498
1492198903712,0,0,0,0,1492198903737,1492198905935,1492198905936,1492198905936,1492198905959,1492198905938,1492198905959,1492198906044,1492198906056,1492198906045,1492198906664,1492198906664,0,0,0
1492198984121,0,0,0,0,1492198984141,1492198986430,1492198986431,1492198986431,1492198986452,1492198986433,1492198986452,1492198986752,1492198986755,1492198986753,1492198986764,1492198986764,1492198986861,1492198986861,1492198986861
1492199064888,0,0,0,0,1492199064905,1492199066471,1492199066473,1492199066473,1492199066494,1492199066474,1492199066494,1492199066499,1492199066502,1492199066500,1492199066547,1492199066547,1492199067908,1492199067908,1492199067908
1492199142261,0,0,0,0,1492199142281,1492199145223,1492199145224,1492199145224,1492199145253,1492199145226,1492199145253,1492199145313,1492199145316,1492199145314,1492199145330,1492199145330,1492199146693,1492199146694,1492199146694
1492199225602,0,0,0,0,1492199225619,1492199227826,1492199227827,1492199227827,1492199227850,1492199227829,1492199227850,1492199227938,1492199227949,1492199227939,1492199228630,1492199228630,0,0,0
1492199309343,0,0,0,0,1492199309361,1492199311136,1492199311137,1492199311137,1492199311159,1492199311139,1492199311159,1492199311214,1492199311219,1492199311215,1492199311234,1492199311234,1492199312701,1492199312702,1492199312702
1492199390339,0,0,0,0,1492199390358,1492199392423,1492199392424,1492199392424,1492199392448,1492199392426,1492199392448,1492199392538,1492199392550,1492199392539,1492199393177,1492199393177,0,0,0
1492199464340,0,0,0,0,1492199464356,1492199466017,1492199466019,1492199466019,1492199466040,1492199466020,1492199466040,1492199466099,1492199466103,1492199466101,1492199466123,1492199466123,1492199467861,1492199467862,1492199467862
1492199543053,0,0,0,0,1492199543072,1492199545698,1492199545700,1492199545700,1492199545724,1492199545701,1492199545724,1492199545873,1492199545890,1492199545875,1492199546595,1492199546595,0,0,0
1492199621519,0,0,0,0,1492199621539,1492199623641,1492199623642,1492199623642,1492199623663,1492199623643,1492199623663,1492199623728,1492199623733,1492199623730,1492199623787,1492199623787,1492199625604,1492199625604,1492199625604
1492199705152,0,0,0,0,1492199705169,1492199708010,1492199708012,1492199708012,1492199708033,1492199708013,1492199708033,1492199708125,1492199708137,1492199708126,1492199708878,1492199708878,0,0,0
1492199781758,0,0,0,0,1492199781777,1492199784056,1492199784058,1492199784058,1492199784080,1492199784059,1492199784080,1492199784085,1492199784093,1492199784087,1492199784120,1492199784120,1492199785534,1492199785534,1492199785534
1492199864279,0,0,0,0,1492199864295,1492199866297,1492199866298,1492199866298,1492199866320,1492199866300,1492199866320,1492199866408,1492199866423,1492199866410,1492199867022,1492199867022,0,0,0
1492199945516,0,0,0,0,1492199945533,1492199947688,1492199947691,1492199947691,1492199947726,1492199947692,1492199947726,1492199947731,1492199947736,1492199947733,1492199947752,1492199947752,1492199950022,1492199950022,1492199950022
1492200022692,0,0,0,0,1492200022710,1492200025187,1492200025188,1492200025188,1492200025209,1492200025189,1492200025209,1492200025265,1492200025268,1492200025266,1492200025283,1492200025283,1492200026707,1492200026707,1492200026707
1492200100483,0,0,0,0,1492200100503,1492200102821,1492200102822,1492200102822,1492200102844,1492200102824,1492200102844,1492200102928,1492200102943,1492200102930,1492200103580,1492200103580,0,0,0
1492200179180,0,0,0,0,1492200179199,1492200180603,1492200180604,1492200180604,1492200180632,1492200180605,1492200180632,1492200180637,1492200180641,1492200180638,1492200180656,1492200180656,1492200184509,1492200184509,1492200184509
1492200257575,0,0,0,0,1492200257595,1492200259106,1492200259108,1492200259108,1492200259131,1492200259109,1492200259131,1492200259222,1492200259236,1492200259223,1492200259854,1492200259854,0,0,0
1492200332732,0,0,0,0,1492200332750,1492200334685,1492200334686,1492200334686,1492200334708,1492200334688,1492200334708,1492200334745,1492200334750,1492200334747,1492200334796,1492200334796,1492200335991,1492200335991,1492200335991
1492200409645,0,0,0,0,1492200409664,1492200411591,1492200411595,1492200411595,1492200411621,1492200411597,1492200411621,1492200411707,1492200411716,1492200411708,1492200412417,1492200412417,0,0,0
1492200487956,0,0,0,0,1492200487975,1492200490127,1492200490128,1492200490128,1492200490153,1492200490130,1492200490153,1492200490211,1492200490217,1492200490213,1492200490229,1492200490230,1492200492810,1492200492810,1492200492810
1492200563026,0,0,0,0,1492200563042,1492200564761,1492200564765,1492200564765,1492200564788,1492200564767,1492200564788,1492200564871,1492200564883,1492200564873,1492200565473,1492200565473,0,0,0
1492200635945,0,0,0,0,1492200635965,1492200638282,1492200638284,1492200638284,1492200638306,1492200638285,1492200638306,1492200638364,1492200638371,1492200638366,1492200638385,1492200638385,1492200640095,1492200640096,1492200640096
1492200712663,0,0,0,0,1492200712682,1492200714708,1492200714710,1492200714710,1492200714743,1492200714711,1492200714743,1492200714836,1492200714848,1492200714838,1492200715466,1492200715466,0,0,0
1492200780505,0,0,0,0,1492200780523,1492200782062,1492200782063,1492200782063,1492200782086,1492200782065,1492200782087,1492200782171,1492200782176,1492200782172,1492200782190,1492200782190,1492200783591,1492200783591,1492200783591
1492200856612,0,0,0,0,1492200856630,1492200859020,1492200859021,1492200859021,1492200859043,1492200859023,1492200859043,1492200859047,1492200859051,1492200859048,1492200859121,1492200859121,0,0,0
1492200942691,0,0,0,0,1492200942709,1492200945569,1492200945571,1492200945571,1492200945593,1492200945572,1492200945593,1492200945677,1492200945693,1492200945678,1492200946288,1492200946288,0,0,0
1492201016883,0,0,0,0,1492201016901,1492201018491,1492201018495,1492201018495,1492201018517,1492201018496,1492201018517,1492201018521,1492201018524,1492201018523,1492201018542,1492201018542,1492201019459,1492201019459,1492201019459
1492201086351,0,0,0,0,1492201086369,1492201089054,1492201089056,1492201089056,1492201089078,1492201089057,1492201089078,1492201089170,1492201089182,1492201089171,1492201089789,1492201089789,0,0,0
1492201165584,0,0,0,0,1492201165602,1492201167807,1492201167813,1492201167813,1492201167844,1492201167815,1492201167844,1492201167902,1492201167905,1492201167903,1492201167939,1492201167939,1492201169377,1492201169377,1492201169377
1492201236307,0,0,0,0,1492201236324,1492201239105,1492201239131,1492201239131,1492201239152,1492201239133,1492201239153,1492201239158,1492201239170,1492201239159,1492201239773,1492201239773,0,0,0
1492201315467,0,0,0,0,1492201315484,1492201317081,1492201317082,1492201317082,1492201317107,1492201317084,1492201317107,1492201317146,1492201317149,1492201317147,1492201317177,1492201317177,1492201318585,1492201318586,1492201318586
1492201397726,0,0,0,0,1492201397746,1492201400218,1492201400219,1492201400219,1492201400241,1492201400221,1492201400241,1492201400296,1492201400304,1492201400297,1492201400352,1492201400352,1492201402598,1492201402598,1492201402598
1492201470729,0,0,0,0,1492201470747,1492201473383,1492201473385,1492201473385,1492201473407,1492201473386,1492201473407,1492201473462,1492201473467,1492201473464,1492201473519,1492201473519,0,0,0
1492201549713,0,0,0,0,1492201549730,1492201551444,1492201551446,1492201551446,1492201551477,1492201551448,1492201551477,1492201551566,1492201551582,1492201551567,1492201552202,1492201552202,0,0,0
1492201624542,0,0,0,0,1492201624558,1492201626578,1492201626579,1492201626579,1492201626603,1492201626581,1492201626603,1492201626672,1492201626676,1492201626674,1492201626684,1492201626684,1492201628405,1492201628405,1492201628405
1492201705806,0,0,0,0,1492201705824,1492201708308,1492201708309,1492201708309,1492201708333,1492201708311,1492201708334,1492201708424,1492201708440,1492201708425,1492201709024,1492201709024,0,0,0
1492201788435,0,0,0,0,1492201788451,1492201791240,1492201791242,1492201791242,1492201791263,1492201791243,1492201791263,1492201791319,1492201791323,1492201791320,1492201791337,1492201791337,1492201792926,1492201792926,1492201792926
1492201867848,0,0,0,0,1492201867866,1492201869885,1492201869887,1492201869887,1492201869910,1492201869888,1492201869910,1492201869969,1492201869973,1492201869971,1492201870033,1492201870033,1492201871456,1492201871456,1492201871456
1492201947277,0,0,0,0,1492201947294,1492201949330,1492201949331,1492201949331,1492201949354,1492201949333,1492201949354,1492201949396,1492201949400,1492201949398,1492201949414,1492201949414,1492201950775,1492201950775,1492201950775
1492202017646,0,0,0,0,1492202017665,1492202019143,1492202019145,1492202019145,1492202019167,1492202019146,1492202019167,1492202019226,1492202019230,1492202019228,1492202019244,1492202019244,1492202020241,1492202020242,1492202020242
1492202085012,0,0,0,0,1492202085027,1492202087270,1492202087272,1492202087272,1492202087294,1492202087273,1492202087294,1492202087348,1492202087351,1492202087349,1492202087366,1492202087366,1492202089167,1492202089167,1492202089167
1492202165936,0,0,0,0,1492202165953,1492202168829,1492202168830,1492202168830,1492202168853,1492202168832,1492202168853,1492202168858,1492202168871,1492202168859,1492202169500,1492202169500,0,0,0
1492202239292,0,0,0,0,1492202239310,1492202240724,1492202240726,1492202240726,1492202240748,1492202240727,1492202240748,1492202240807,1492202240810,1492202240808,1492202240864,1492202240864,1492202242152,1492202242152,1492202242152
1492202309178,0,0,0,0,1492202309197,1492202310507,1492202310509,1492202310509,1492202310530,1492202310510,1492202310530,1492202310536,1492202310549,1492202310537,1492202311220,1492202311220,0,0,0
1492202385068,0,0,0,0,1492202385089,1492202387375,1492202387377,1492202387377,1492202387398,1492202387378,1492202387398,1492202387453,1492202387456,1492202387454,1492202387508,1492202387508,1492202389347,1492202389347,1492202389347
1492202472798,0,0,0,0,1492202472819,1492202475041,1492202475043,1492202475043,1492202475065,1492202475044,1492202475065,1492202475071,1492202475083,1492202475073,1492202475762,1492202475762,0,0,0
1492202539674,0,0,0,0,1492202539693,1492202542559,1492202542563,1492202542563,1492202542587,1492202542565,1492202542587,1492202542645,1492202542648,1492202542646,1492202542663,1492202542663,1492202543893,1492202543893,1492202543893
1492202618839,0,0,0,0,1492202618857,1492202621354,1492202621375,1492202621375,1492202621397,1492202621377,1492202621397,1492202621491,1492202621503,1492202621492,1492202622083,1492202622083,0,0,0
1492202690043,0,0,0,0,1492202690060,1492202692179,1492202692180,1492202692180,1492202692205,1492202692182,1492202692205,1492202692312,1492202692315,1492202692313,1492202692322,1492202692322,1492202692421,1492202692421,1492202692421
1492202759843,0,0,0,0,1492202759862,1492202762430,1492202762451,1492202762451,1492202762473,1492202762453,1492202762473,1492202762534,1492202762537,1492202762536,1492202762592,1492202762592,1492202764456,1492202764456,1492202764456
1492202834852,0,0,0,0,1492202834870,1492202837282,1492202837283,1492202837283,1492202837305,1492202837285,1492202837305,1492202837396,1492202837409,1492202837397,1492202838014,1492202838014,0,0,0
1492202916863,0,0,0,0,1492202916882,1492202919554,1492202919556,1492202919556,1492202919591,1492202919558,1492202919592,1492202919648,1492202919651,1492202919649,1492202919707,1492202919707,1492202921472,1492202921472,1492202921472
1492203000660,0,0,0,0,1492203000679,1492203003061,1492203003063,1492203003063,1492203003085,1492203003064,1492203003085,1492203003182,1492203003195,1492203003183,1492203003812,1492203003812,0,0,0
1492203070903,0,0,0,0,1492203070921,1492203073551,1492203073553,1492203073553,1492203073575,1492203073554,1492203073575,1492203073643,1492203073648,1492203073644,1492203073730,1492203073730,1492203076834,1492203076835,1492203076835
1492203149074,0,0,0,0,1492203149094,1492203151483,1492203151507,1492203151507,1492203151534,1492203151509,1492203151534,1492203151539,1492203151542,1492203151541,1492203151608,1492203151608,1492203152657,1492203152657,1492203152657
1492203223339,0,0,0,0,1492203223358,1492203225802,1492203225806,1492203225806,1492203225827,1492203225807,1492203225827,1492203225886,1492203225889,1492203225887,1492203225905,1492203225905,1492203227503,1492203227503,1492203227503
1492203299982,0,0,0,0,1492203300001,1492203302743,1492203302744,1492203302744,1492203302767,1492203302746,1492203302767,1492203302828,1492203302831,1492203302829,1492203302845,1492203302845,1492203304989,1492203304989,1492203304989
1492203380171,0,0,0,0,1492203380187,1492203382748,1492203382750,1492203382750,1492203382775,1492203382752,1492203382775,1492203382833,1492203382837,1492203382834,1492203382877,1492203382877,1492203384416,1492203384416,1492203384416
1492203457203,0,0,0,0,1492203457221,1492203459504,1492203459505,1492203459505,1492203459527,1492203459507,1492203459527,1492203459610,1492203459622,1492203459611,1492203460209,1492203460209,0,0,0
1492203535076,0,0,0,0,1492203535095,1492203536972,1492203536976,1492203536976,1492203536999,1492203536977,1492203536999,1492203537056,1492203537059,1492203537057,1492203537109,1492203537109,1492203539272,1492203539273,1492203539273
1492203610042,0,0,0,0,1492203610060,1492203612535,1492203612536,1492203612536,1492203612558,1492203612538,1492203612558,1492203612948,1492203612954,1492203612950,1492203613052,1492203613052,1492203614583,1492203614584,1492203614584
1492203676454,0,0,0,0,1492203676472,1492203677670,1492203677671,1492203677671,1492203677696,1492203677673,1492203677696,1492203677757,1492203677760,1492203677758,1492203677823,1492203677823,1492203678569,1492203678570,1492203678570
1492203755388,0,0,0,0,1492203755405,1492203757567,1492203757568,1492203757568,1492203757592,1492203757570,1492203757592,1492203757677,1492203757688,1492203757678,1492203758290,1492203758290,0,0,0
1492203836631,0,0,0,0,1492203836651,1492203838386,1492203838392,1492203838392,1492203838424,1492203838394,1492203838424,1492203838463,1492203838467,1492203838464,1492203838485,1492203838485,1492203840069,1492203840070,1492203840070
1492203915301,0,0,0,0,1492203915319,1492203917587,1492203917588,1492203917588,1492203917610,1492203917589,1492203917611,1492203917701,1492203917715,1492203917702,1492203918330,1492203918330,0,0,0
1492203996388,0,0,0,0,1492203996407,1492203998533,1492203998534,1492203998534,1492203998556,1492203998535,1492203998556,1492203998613,1492203998618,1492203998615,1492203998664,1492203998664,1492204000535,1492204000535,1492204000535
1492204073261,0,0,0,0,1492204073282,1492204075690,1492204075691,1492204075691,1492204075712,1492204075692,1492204075712,1492204075800,1492204075813,1492204075801,1492204076428,1492204076428,0,0,0
1492204151220,0,0,0,0,1492204151240,1492204153157,1492204153158,1492204153158,1492204153180,1492204153160,1492204153180,1492204153222,1492204153225,1492204153223,1492204153232,1492204153232,1492204155051,1492204155051,1492204155051
1492204222972,0,0,0,0,1492204222991,1492204224239,1492204224240,1492204224240,1492204224262,1492204224241,1492204224262,1492204224365,1492204224376,1492204224366,1492204225024,1492204225024,1492204226251,1492204226251,1492204226307
1492204297261,0,0,0,0,1492204297281,1492204299413,1492204299414,1492204299414,1492204299435,1492204299415,1492204299436,1492204299495,1492204299499,1492204299497,1492204299513,1492204299513,1492204300986,1492204300987,1492204300987
1492204375261,0,0,0,0,1492204375278,1492204377813,1492204377814,1492204377814,1492204377838,1492204377815,1492204377838,1492204377924,1492204377937,1492204377925,1492204378542,1492204378542,0,0,0
1492204453727,0,0,0,0,1492204453748,1492204455953,1492204455954,1492204455954,1492204455977,1492204455956,1492204455977,1492204456046,1492204456052,1492204456047,1492204456162,1492204456162,1492204457874,1492204457875,1492204457875
1492204528903,0,0,0,0,1492204528922,1492204531071,1492204531072,1492204531072,1492204531094,1492204531074,1492204531094,1492204531174,1492204531190,1492204531175,1492204531815,1492204531815,0,0,0
1492204613391,0,0,0,0,1492204613410,1492204615565,1492204615566,1492204615566,1492204615589,1492204615568,1492204615589,1492204615626,1492204615630,1492204615628,1492204615646,1492204615646,1492204617143,1492204617143,1492204617143
1492204696085,0,0,0,0,1492204696104,1492204698442,1492204698443,1492204698443,1492204698468,1492204698445,1492204698468,1492204698579,1492204698593,1492204698580,1492204699190,1492204699190,0,0,0
1492204777210,0,0,0,0,1492204777226,1492204779992,1492204779993,1492204779993,1492204780017,1492204779995,1492204780017,1492204780075,1492204780078,1492204780076,1492204780126,1492204780126,1492204781136,1492204781136,1492204781136
1492204861447,0,0,0,0,1492204861472,1492204863534,1492204863535,1492204863535,1492204863558,1492204863537,1492204863559,1492204863644,1492204863659,1492204863645,1492204864420,1492204864420,0,0,0
1492204941625,0,0,0,0,1492204941642,1492204943992,1492204943993,1492204943993,1492204944015,1492204943995,1492204944015,1492204944074,1492204944078,1492204944075,1492204944165,1492204944165,1492204946335,1492204946335,1492204946335
1492205020979,0,0,0,0,1492205020998,1492205023375,1492205023397,1492205023397,1492205023418,1492205023398,1492205023418,1492205023423,1492205023427,1492205023424,1492205023443,1492205023443,1492205025421,1492205025421,1492205025421
1492205107510,0,0,0,0,1492205107530,1492205109477,1492205109478,1492205109478,1492205109502,1492205109480,1492205109502,1492205109592,1492205109603,1492205109593,1492205110210,1492205110210,0,0,0
1492205187655,0,0,0,0,1492205187675,1492205190163,1492205190165,1492205190165,1492205190187,1492205190167,1492205190187,1492205190246,1492205190249,1492205190247,1492205190330,1492205190330,1492205191916,1492205191916,1492205191916
1492205270205,0,0,0,0,1492205270222,1492205271876,1492205271877,1492205271877,1492205271899,1492205271878,1492205271899,1492205271986,1492205272000,1492205271988,1492205272658,1492205272658,0,0,0
1492205364079,0,0,0,0,1492205364099,1492205366275,1492205366276,1492205366276,1492205366319,1492205366278,1492205366319,1492205366429,1492205366430,1492205366430,1492205366531,1492205366531,1492205368567,1492205368567,1492205368568
1492205469434,0,0,0,0,1492205469450,1492205471387,1492205471410,1492205471410,1492205471460,1492205471412,1492205471460,1492205471752,1492205471754,1492205471754,1492205471857,1492205471857,1492205474665,1492205474665,1492205474666
1492205555787,0,0,0,0,1492205555805,1492205558859,1492205558860,1492205558860,1492205558911,1492205558862,1492205558911,1492205559042,1492205559044,1492205559044,1492205559048,1492205559048,1492205560635,1492205560635,1492205560635
1492205651802,0,0,0,0,1492205651821,1492205653284,1492205653285,1492205653285,1492205653327,1492205653287,1492205653327,1492205653412,1492205653413,1492205653413,1492205653510,1492205653510,1492205654712,1492205654712,1492205654713
1492205749779,0,0,0,0,1492205749799,1492205750916,1492205750945,1492205750945,1492205750989,1492205750947,1492205750989,1492205751100,1492205751101,1492205751101,1492205751210,1492205751210,1492205752936,1492205752936,1492205752937
1492205850404,0,0,0,0,1492205850422,1492205852345,1492205852347,1492205852347,1492205852414,1492205852349,1492205852414,1492205852497,1492205852500,1492205852499,1492205852538,1492205852538,1492205854274,1492205854274,1492205854275
1492205943068,0,0,0,0,1492205943086,1492205945548,1492205945549,1492205945549,1492205945592,1492205945551,1492205945592,1492205945703,1492205945704,1492205945704,1492205945806,1492205945806,1492205947914,1492205947914,1492205947914
1492206049351,0,0,0,0,1492206049371,1492206051988,1492206051989,1492206051989,1492206052068,1492206051990,1492206052068,1492206052150,1492206052181,1492206052152,1492206052241,1492206052241,1492206059353,1492206059353,1492206059357
1492206154979,0,0,0,0,1492206154997,1492206156614,1492206156619,1492206156619,1492206156663,1492206156621,1492206156663,1492206156746,1492206156747,1492206156747,1492206156840,1492206156840,1492206158629,1492206158629,1492206158630
1492206248089,0,0,0,0,1492206248108,1492206250265,1492206250266,1492206250266,1492206250307,1492206250268,1492206250307,1492206250396,1492206250398,1492206250398,1492206250507,1492206250507,1492206252669,1492206252670,1492206252670
1492206350459,0,0,0,0,1492206350478,1492206352927,1492206352928,1492206352928,1492206352971,1492206352930,1492206352971,1492206353077,1492206353078,1492206353078,1492206353166,1492206353166,1492206355583,1492206355583,1492206355583
1492206448015,0,0,0,0,1492206448035,1492206450225,1492206450226,1492206450226,1492206450267,1492206450228,1492206450268,1492206450367,1492206450368,1492206450368,1492206450454,1492206450455,1492206452020,1492206452020,1492206452020
1492206538755,0,0,0,0,1492206538772,1492206540221,1492206540225,1492206540225,1492206540267,1492206540228,1492206540267,1492206540380,1492206540386,1492206540381,1492206540458,1492206540458,1492206542426,1492206542426,1492206542426
1492206632295,0,0,0,0,1492206632313,1492206634512,1492206634516,1492206634516,1492206634582,1492206634518,1492206634582,1492206634716,1492206634719,1492206634718,1492206634796,1492206634796,1492206637183,1492206637183,1492206637184
1492206741451,0,0,0,0,1492206741469,1492206743721,1492206743722,1492206743722,1492206743764,1492206743724,1492206743764,1492206743879,1492206743880,1492206743880,1492206743991,1492206743991,1492206746440,1492206746441,1492206746441
1492206832633,0,0,0,0,1492206832653,1492206834656,1492206834661,1492206834661,1492206834704,1492206834663,1492206834704,1492206834791,1492206834793,1492206834793,1492206834902,1492206834902,1492206837300,1492206837300,1492206837300
1492206930040,0,0,0,0,1492206930059,1492206932388,1492206932389,1492206932389,1492206932433,1492206932391,1492206932434,1492206932518,1492206932519,1492206932519,1492206932631,1492206932631,1492206934365,1492206934366,1492206934366
1492207030304,0,0,0,0,1492207030323,1492207032809,1492207032810,1492207032810,1492207032853,1492207032812,1492207032853,1492207032935,1492207032936,1492207032936,1492207032940,1492207032940,1492207034880,1492207034881,1492207034881
1492207127286,0,0,0,0,1492207127308,1492207129281,1492207129283,1492207129283,1492207129326,1492207129284,1492207129326,1492207129411,1492207129413,1492207129412,1492207129484,1492207129484,1492207131665,1492207131665,1492207131665
1492207235462,0,0,0,0,1492207235486,1492207237507,1492207237509,1492207237509,1492207237554,1492207237511,1492207237554,1492207237653,1492207237667,1492207237654,1492207237724,1492207237724,1492207240120,1492207240120,1492207240121
1492207342578,0,0,0,0,1492207342598,1492207345140,1492207345142,1492207345142,1492207345189,1492207345144,1492207345189,1492207345280,1492207345281,1492207345281,1492207345386,1492207345386,1492207348520,1492207348520,1492207348523
1492207452339,0,0,0,0,1492207452360,1492207454637,1492207454638,1492207454638,1492207454680,1492207454640,1492207454680,1492207454768,1492207454770,1492207454770,1492207454880,1492207454880,1492207457510,1492207457510,1492207457510
1492207544714,0,0,0,0,1492207544734,1492207547240,1492207547241,1492207547241,1492207547537,1492207547243,1492207547537,1492207547643,1492207547645,1492207547644,1492207547741,1492207547741,1492207549487,1492207549487,1492207549488
1492207641779,0,0,0,0,1492207641804,1492207644212,1492207644213,1492207644213,1492207644255,1492207644214,1492207644255,1492207644355,1492207644357,1492207644357,1492207644452,1492207644452,1492207646549,1492207646549,1492207646549
1492207872881,0,0,0,0,1492207872900,1492207875820,1492207875821,1492207875821,1492207875865,1492207875822,1492207875865,1492207875944,1492207875946,1492207875946,1492207876042,1492207876042,0,0,0
1492207966066,0,0,0,0,1492207966084,1492207968689,1492207968690,1492207968690,1492207968731,1492207968692,1492207968731,1492207968816,1492207968818,1492207968818,1492207968934,1492207968934,1492207971445,1492207971445,1492207971445
1492208062846,0,0,0,0,1492208062867,1492208065257,1492208065257,1492208065257,1492208065299,1492208065259,1492208065299,1492208065384,1492208065385,1492208065385,1492208065486,1492208065486,1492208067172,1492208067172,1492208067172
1492208166894,0,0,0,0,1492208166916,1492208169736,1492208169737,1492208169737,1492208169799,1492208169738,1492208169799,1492208169886,1492208169888,1492208169888,1492208169983,1492208169983,1492208171903,1492208171904,1492208171904
1492208267850,0,0,0,0,1492208267868,1492208270545,1492208270546,1492208270546,1492208270587,1492208270547,1492208270588,1492208270678,1492208270680,1492208270680,1492208270796,1492208270796,1492208272682,1492208272682,1492208272682
1492208364802,0,0,0,0,1492208364821,1492208367272,1492208367273,1492208367273,1492208367315,1492208367275,1492208367315,1492208367399,1492208367400,1492208367400,1492208367494,1492208367494,1492208369103,1492208369103,1492208369104
1492208467072,0,0,0,0,1492208467093,1492208469415,1492208469419,1492208469419,1492208469488,1492208469421,1492208469488,1492208469572,1492208469573,1492208469573,1492208469661,1492208469661,1492208471011,1492208471011,1492208471012
1492208558092,0,0,0,0,1492208558111,1492208560466,1492208560468,1492208560468,1492208560536,1492208560470,1492208560536,1492208560637,1492208560639,1492208560638,1492208560738,1492208560738,1492208562082,1492208562082,1492208562083
1492208656909,0,0,0,0,1492208656926,1492208658924,1492208658925,1492208658925,1492208658969,1492208658927,1492208658969,1492208659056,1492208659057,1492208659058,1492208659164,1492208659164,1492208661203,1492208661203,1492208661203
1492208751586,0,0,0,0,1492208751606,1492208753945,1492208753946,1492208753946,1492208753990,1492208753949,1492208753990,1492208754113,1492208754114,1492208754114,1492208754207,1492208754207,1492208756148,1492208756149,1492208756149
1492208850854,0,0,0,0,1492208850873,1492208853288,1492208853290,1492208853290,1492208853333,1492208853292,1492208853333,1492208854068,1492208854070,1492208854070,1492208854161,1492208854161,1492208857521,1492208857521,1492208857525
1492208954191,0,0,0,0,1492208954210,1492208956461,1492208956463,1492208956463,1492208956507,1492208956465,1492208956507,1492208956841,1492208956842,1492208956842,1492208957133,1492208957133,1492208960485,1492208960486,1492208960489
1492209050404,0,0,0,0,1492209050421,1492209052404,1492209052406,1492209052406,1492209052451,1492209052408,1492209052451,1492209052565,1492209052566,1492209052566,1492209052659,1492209052659,1492209055143,1492209055143,1492209055147
1492209142380,0,0,0,0,1492209142398,1492209143969,1492209143971,1492209143971,1492209144266,1492209143973,1492209144266,1492209144360,1492209144362,1492209144362,1492209144458,1492209144458,1492209146748,1492209146749,1492209146752
1492209239439,0,0,0,0,1492209239459,1492209241302,1492209241303,1492209241303,1492209241596,1492209241305,1492209241596,1492209241679,1492209241680,1492209241680,1492209241762,1492209241762,1492209243443,1492209243443,1492209243443
1492209338140,0,0,0,0,1492209338158,1492209340800,1492209340800,1492209340800,1492209340841,1492209340802,1492209340841,1492209340944,1492209340945,1492209340946,1492209340950,1492209340950,1492209342807,1492209342808,1492209342808
1492209430982,0,0,0,0,1492209431003,1492209432966,1492209432967,1492209432967,1492209433009,1492209432970,1492209433009,1492209433091,1492209433092,1492209433093,1492209433205,1492209433205,1492209435358,1492209435358,1492209435361
1492209521347,0,0,0,0,1492209521365,1492209523600,1492209523601,1492209523601,1492209523652,1492209523603,1492209523652,1492209523764,1492209523765,1492209523765,1492209523878,1492209523878,1492209525519,1492209525520,1492209525520
1492209627449,0,0,0,0,1492209627468,1492209629619,1492209629620,1492209629620,1492209631701,1492209629622,1492209631701,1492209631802,1492209631803,1492209631803,1492209631893,1492209631893,1492209635957,1492209635957,1492209635959
1492209729557,0,0,0,0,1492209729577,1492209731747,1492209731752,1492209731752,1492209731796,1492209731753,1492209731796,1492209731970,1492209731971,1492209731971,1492209731975,1492209731975,1492209734045,1492209734045,1492209734046
1492209824167,0,0,0,0,1492209824187,1492209826354,1492209826356,1492209826356,1492209826411,1492209826358,1492209826411,1492209826495,1492209826496,1492209826496,1492209826594,1492209826594,1492209828962,1492209828962,1492209828964
1492209924927,0,0,0,0,1492209924949,1492209927188,1492209927189,1492209927189,1492209927289,1492209927191,1492209927289,1492209927400,1492209927403,1492209927401,1492209927495,1492209927495,1492209929696,1492209929696,1492209929697
1492210031934,0,0,0,0,1492210031955,1492210034246,1492210034247,1492210034247,1492210034289,1492210034249,1492210034290,1492210034376,1492210034378,1492210034378,1492210034465,1492210034465,1492210036433,1492210036433,1492210036434
1492210127675,0,0,0,0,1492210127698,1492210128805,1492210128806,1492210128806,1492210128874,1492210128808,1492210128874,1492210128961,1492210128962,1492210128962,1492210129061,1492210129061,1492210130826,1492210130826,1492210130827
1492210227521,0,0,0,0,1492210227540,1492210230342,1492210230343,1492210230343,1492210230392,1492210230345,1492210230392,1492210230475,1492210230477,1492210230477,1492210230562,1492210230562,1492210233158,1492210233158,1492210233158
1492210330491,0,0,0,0,1492210330511,1492210332800,1492210332801,1492210332801,1492210332845,1492210332803,1492210332846,1492210332933,1492210332934,1492210332934,1492210333036,1492210333036,1492210336044,1492210336044,1492210336045
1492210434223,0,0,0,0,1492210434244,1492210435893,1492210435894,1492210435894,1492210435950,1492210435896,1492210435950,1492210436033,1492210436035,1492210436035,1492210436135,1492210436135,1492210438537,1492210438537,1492210438537
1492210538870,0,0,0,0,1492210538890,1492210541700,1492210541702,1492210541702,1492210541748,1492210541704,1492210541748,1492210541874,1492210541875,1492210541875,1492210541967,1492210541967,1492210544367,1492210544367,1492210544369
1492210642297,0,0,0,0,1492210642315,1492210644687,1492210644688,1492210644688,1492210644730,1492210644689,1492210644730,1492210644815,1492210644817,1492210644816,1492210644873,1492210644873,1492210647391,1492210647391,1492210647392
1492210741435,0,0,0,0,1492210741453,1492210743107,1492210743108,1492210743108,1492210743149,1492210743110,1492210743149,1492210743236,1492210743237,1492210743237,1492210743327,1492210743327,1492210745229,1492210745229,1492210745230
1492210852223,0,0,0,0,1492210852241,1492210854472,1492210854473,1492210854473,1492210854519,1492210854475,1492210854519,1492210854599,1492210854601,1492210854600,1492210854695,1492210854695,1492210857788,1492210857788,1492210857789
1492210957176,0,0,0,0,1492210957197,1492210959737,1492210959738,1492210959738,1492210959783,1492210959740,1492210959783,1492210959928,1492210959929,1492210959929,1492210960027,1492210960027,1492210961976,1492210961976,1492210961977
1492211062284,0,0,0,0,1492211062303,1492211064981,1492211064982,1492211064982,1492211065025,1492211064984,1492211065025,1492211065114,1492211065115,1492211065115,1492211065205,1492211065205,1492211068269,1492211068269,1492211068269
1492211172793,0,0,0,0,1492211172819,1492211175604,1492211175605,1492211175605,1492211175645,1492211175607,1492211175645,1492211175754,1492211175756,1492211175755,1492211175861,1492211175861,1492211177865,1492211177866,1492211177866
1492211275122,0,0,0,0,1492211275142,1492211277554,1492211277555,1492211277555,1492211277616,1492211277557,1492211277616,1492211277701,1492211277702,1492211277702,1492211277790,1492211277790,1492211279822,1492211279822,1492211279822
1492211396128,0,0,0,0,1492211396148,1492211397462,1492211397463,1492211397463,1492211397505,1492211397465,1492211397505,1492211397793,1492211397833,1492211397795,1492211397882,1492211397882,1492211400037,1492211400037,1492211400038
1492211509432,0,0,0,0,1492211509454,1492211511476,1492211511477,1492211511477,1492211511521,1492211511478,1492211511521,1492211511602,1492211511604,1492211511603,1492211511700,1492211511700,1492211513522,1492211513522,1492211513525
1492211610645,0,0,0,0,1492211610664,1492211612694,1492211612695,1492211612695,1492211612737,1492211612697,1492211612737,1492211612857,1492211612860,1492211612858,1492211612946,1492211612946,1492211615479,1492211615479,1492211615480
1492211716313,0,0,0,0,1492211716335,1492211718618,1492211718619,1492211718619,1492211718659,1492211718620,1492211718659,1492211719713,1492211719714,1492211719714,1492211719803,1492211719803,1492211722294,1492211722294,1492211722294
1492211817186,0,0,0,0,1492211817208,1492211819785,1492211819786,1492211819786,1492211819827,1492211819788,1492211819827,1492211819934,1492211819935,1492211819935,1492211820029,1492211820029,1492211822426,1492211822426,1492211822430
1492211918311,0,0,0,0,1492211918330,1492211920992,1492211920994,1492211920994,1492211921036,1492211920996,1492211921036,1492211921159,1492211921162,1492211921161,1492211921267,1492211921267,1492211923122,1492211923122,1492211923122
1492212016193,0,0,0,0,1492212016214,1492212018490,1492212018491,1492212018491,1492212018784,1492212018493,1492212018784,1492212019224,1492212019227,1492212019226,1492212019332,1492212019332,1492212021839,1492212021839,1492212021839
1492212106263,0,0,0,0,1492212106285,1492212108623,1492212108624,1492212108624,1492212108670,1492212108626,1492212108670,1492212108787,1492212108789,1492212108789,1492212108904,1492212108904,1492212110570,1492212110570,1492212110570
1492212212974,0,0,0,0,1492212212994,1492212215141,1492212215142,1492212215142,1492212215193,1492212215144,1492212215193,1492212215295,1492212215296,1492212215297,1492212215382,1492212215382,1492212217230,1492212217231,1492212217234
1492212304957,0,0,0,0,1492212304981,1492212306905,1492212306910,1492212306910,1492212306962,1492212306912,1492212306962,1492212307060,1492212307062,1492212307062,1492212307066,1492212307066,1492212309370,1492212309370,1492212309371
1492212409071,0,0,0,0,1492212409090,1492212411759,1492212411760,1492212411760,1492212411804,1492212411762,1492212411804,1492212412014,1492212412016,1492212412016,1492212412119,1492212412119,1492212414286,1492212414286,1492212414289
1492212514621,0,0,0,0,1492212514642,1492212517236,1492212517238,1492212517238,1492212517281,1492212517239,1492212517281,1492212517370,1492212517371,1492212517371,1492212517494,1492212517494,1492212519216,1492212519216,1492212519216
1492212614404,0,0,0,0,1492212614426,1492212616640,1492212616675,1492212616675,1492212616728,1492212616677,1492212616728,1492212616898,1492212616900,1492212616900,1492212617008,1492212617008,1492212620538,1492212620538,1492212620542
1492212722801,0,0,0,0,1492212722821,1492212725418,1492212725419,1492212725419,1492212725459,1492212725420,1492212725459,1492212725647,1492212725650,1492212725649,1492212725656,1492212725656,1492212727779,1492212727780,1492212727780
1492212835157,0,0,0,0,1492212835182,1492212837507,1492212837509,1492212837509,1492212837559,1492212837511,1492212837559,1492212837640,1492212837643,1492212837641,1492212837763,1492212837763,1492212839942,1492212839942,1492212839942
1492212934834,0,0,0,0,1492212934853,1492212937008,1492212937010,1492212937010,1492212937057,1492212937011,1492212937057,1492212937139,1492212937141,1492212937140,1492212937229,1492212937229,1492212939297,1492212939297,1492212939298
1492213033902,0,0,0,0,1492213033924,1492213036153,1492213036155,1492213036155,1492213036198,1492213036156,1492213036198,1492213036545,1492213036546,1492213036546,1492213036642,1492213036642,1492213038474,1492213038474,1492213038475
1492213135135,0,0,0,0,1492213135154,1492213137055,1492213137056,1492213137056,1492213137139,1492213137080,1492213137139,1492213137221,1492213137224,1492213137222,1492213137293,1492213137293,1492213139762,1492213139762,1492213139765
1492213224453,0,0,0,0,1492213224471,1492213226426,1492213226448,1492213226448,1492213226492,1492213226450,1492213226492,1492213226591,1492213226592,1492213226592,1492213226692,1492213226692,1492213228829,1492213228829,1492213228830
1492213326324,0,0,0,0,1492213326341,1492213328548,1492213328549,1492213328549,1492213328648,1492213328551,1492213328648,1492213328851,1492213328852,1492213328853,1492213328958,1492213328958,1492213331427,1492213331428,1492213331428
1492213432570,0,0,0,0,1492213432590,1492213435187,1492213435188,1492213435188,1492213435232,1492213435190,1492213435232,1492213435333,1492213435335,1492213435335,1492213435382,1492213435382,1492213437459,1492213437459,1492213437460
1492213536432,0,0,0,0,1492213536452,1492213538800,1492213538801,1492213538801,1492213538844,1492213538803,1492213538844,1492213538933,1492213538935,1492213538935,1492213539042,1492213539042,1492213541283,1492213541283,1492213541284
1492213644762,0,0,0,0,1492213644780,1492213647588,1492213647588,1492213647588,1492213647631,1492213647590,1492213647632,1492213647746,1492213647748,1492213647748,1492213647861,1492213647861,1492213650463,1492213650463,1492213650463
1492213743870,0,0,0,0,1492213743892,1492213746458,1492213746460,1492213746460,1492213746505,1492213746461,1492213746505,1492213746781,1492213746782,1492213746782,1492213746869,1492213746870,0,0,0
1492213846678,0,0,0,0,1492213846697,1492213848949,1492213848950,1492213848950,1492213851006,1492213848952,1492213851006,1492213851089,1492213851092,1492213851090,1492213851168,1492213851168,1492213853523,1492213853523,1492213853524
1492213953456,0,0,0,0,1492213953477,1492213954590,1492213954592,1492213954592,1492213954634,1492213954594,1492213954634,1492213954722,1492213954723,1492213954724,1492213954817,1492213954817,1492213956298,1492213956298,1492213956299
1492214075042,0,0,0,0,1492214075061,1492214077593,1492214077595,1492214077595,1492214077637,1492214077596,1492214077637,1492214077755,1492214077757,1492214077757,1492214077862,1492214077862,1492214088364,1492214088364,1492214088367
1492214191520,0,0,0,0,1492214191540,1492214193431,1492214193433,1492214193433,1492214193541,1492214193434,1492214193541,1492214193641,1492214193644,1492214193642,1492214193730,1492214193730,1492214195986,1492214195986,1492214195986
1492214291465,0,0,0,0,1492214291487,1492214292629,1492214292630,1492214292630,1492214292731,1492214292632,1492214292731,1492214292819,1492214292822,1492214292821,1492214292921,1492214292921,1492214294395,1492214294395,1492214294395
1492214377190,0,0,0,0,1492214377214,1492214379152,1492214379153,1492214379153,1492214379205,1492214379155,1492214379206,1492214379303,1492214379304,1492214379304,1492214379309,1492214379309,1492214382418,1492214382419,1492214382422
1492214470705,0,0,0,0,1492214470724,1492214471922,1492214471924,1492214471924,1492214471964,1492214471926,1492214471964,1492214472083,1492214472085,1492214472085,1492214472173,1492214472173,1492214475999,1492214476000,1492214476003
1492214575074,0,0,0,0,1492214575095,1492214576426,1492214576427,1492214576427,1492214576470,1492214576429,1492214576470,1492214576554,1492214576555,1492214576555,1492214576659,1492214576659,1492214578620,1492214578620,1492214578621
1492214674344,0,0,0,0,1492214674364,1492214677089,1492214677116,1492214677116,1492214677212,1492214677118,1492214677212,1492214677608,1492214677609,1492214677609,1492214677703,1492214677703,1492214680037,1492214680038,1492214680042
1492214778795,0,0,0,0,1492214778815,1492214781451,1492214781454,1492214781454,1492214781523,1492214781456,1492214781523,1492214781604,1492214781608,1492214781605,1492214781672,1492214781672,1492214784017,1492214784017,1492214784017
1492214886525,0,0,0,0,1492214886544,1492214888917,1492214888922,1492214888922,1492214888981,1492214888924,1492214888982,1492214889075,1492214889076,1492214889076,1492214889160,1492214889160,1492214891268,1492214891269,1492214891269
1492214990519,0,0,0,0,1492214990537,1492214992579,1492214992581,1492214992581,1492214992626,1492214992583,1492214992626,1492214992731,1492214992732,1492214992732,1492214992832,1492214992832,1492214994745,1492214994745,1492214994745
1492215095316,0,0,0,0,1492215095335,1492215097999,1492215098000,1492215098000,1492215098040,1492215098001,1492215098040,1492215098145,1492215098146,1492215098146,1492215098229,1492215098229,1492215099834,1492215099834,1492215099834
1492215199036,0,0,0,0,1492215199058,1492215201804,1492215201805,1492215201805,1492215201855,1492215201806,1492215201855,1492215201975,1492215201977,1492215201977,1492215202098,1492215202098,1492215204510,1492215204510,1492215204511
1492215296475,0,0,0,0,1492215296494,1492215298391,1492215298393,1492215298393,1492215298437,1492215298395,1492215298437,1492215298525,1492215298527,1492215298526,1492215298624,1492215298624,1492215300666,1492215300666,1492215300666
1492215397926,0,0,0,0,1492215397946,1492215400162,1492215400163,1492215400163,1492215400205,1492215400165,1492215400205,1492215400308,1492215400310,1492215400310,1492215400423,1492215400423,1492215403630,1492215403630,1492215403633
1492215516751,0,0,0,0,1492215516770,1492215518182,1492215518184,1492215518184,1492215518237,1492215518186,1492215518237,1492215518326,1492215518327,1492215518327,1492215518417,1492215518417,1492215521211,1492215521212,1492215521214
1492215612948,0,0,0,0,1492215612970,1492215615207,1492215615208,1492215615208,1492215615263,1492215615210,1492215615263,1492215615373,1492215615374,1492215615374,1492215615471,1492215615471,1492215616989,1492215616989,1492215616989
1492215706146,0,0,0,0,1492215706165,1492215708517,1492215708518,1492215708518,1492215708589,1492215708520,1492215708589,1492215708671,1492215708674,1492215708673,1492215708745,1492215708745,1492215711072,1492215711073,1492215711075
1492215806516,0,0,0,0,1492215806537,1492215808250,1492215808251,1492215808251,1492215808295,1492215808253,1492215808295,1492215808377,1492215808378,1492215808378,1492215808470,1492215808471,1492215810089,1492215810089,1492215810090
1492215911901,0,0,0,0,1492215911919,1492215914131,1492215914133,1492215914133,1492215914220,1492215914151,1492215914220,1492215914326,1492215914327,1492215914327,1492215914332,1492215914332,1492215915815,1492215915815,1492215915815
1492216007851,0,0,0,0,1492216007871,1492216009886,1492216009887,1492216009887,1492216009928,1492216009889,1492216009928,1492216010015,1492216010016,1492216010016,1492216010105,1492216010105,1492216012218,1492216012218,1492216012218
1492216114468,0,0,0,0,1492216114488,1492216116806,1492216116807,1492216116807,1492216116849,1492216116809,1492216116849,1492216116966,1492216116968,1492216116967,1492216117053,1492216117053,1492216118887,1492216118887,1492216118887
1492216212576,0,0,0,0,1492216212595,1492216213902,1492216213903,1492216213903,1492216213956,1492216213905,1492216213956,1492216214040,1492216214041,1492216214041,1492216214145,1492216214145,1492216215415,1492216215415,1492216215415
1492216310932,0,0,0,0,1492216310952,1492216313228,1492216313229,1492216313229,1492216313325,1492216313232,1492216313325,1492216313437,1492216313439,1492216313439,1492216313534,1492216313534,1492216316987,1492216316988,1492216316990
1492216412099,0,0,0,0,1492216412119,1492216413350,1492216413351,1492216413351,1492216413402,1492216413352,1492216413403,1492216413534,1492216413535,1492216413536,1492216413646,1492216413646,1492216416356,1492216416357,1492216416360
1492216578230,0,0,0,0,1492216578252,1492216579729,1492216579730,1492216579730,1492216579774,1492216579732,1492216579774,1492216579877,1492216579878,1492216579878,1492216579986,1492216579986,1492216582026,1492216582026,1492216582026
1492216680404,0,0,0,0,1492216680426,1492216682386,1492216682387,1492216682387,1492216682428,1492216682389,1492216682428,1492216682521,1492216682522,1492216682522,1492216682624,1492216682624,1492216684793,1492216684793,1492216684794
1492216781437,0,0,0,0,1492216781457,1492216783657,1492216783659,1492216783659,1492216783701,1492216783661,1492216783701,1492216783781,1492216783783,1492216783782,1492216783882,1492216783882,1492216786122,1492216786122,1492216786123
1492216880401,0,0,0,0,1492216880418,1492216882840,1492216882842,1492216882842,1492216882883,1492216882844,1492216882883,1492216883001,1492216883002,1492216883002,1492216883102,1492216883102,1492216884711,1492216884711,1492216884712
1492216988224,0,0,0,0,1492216988245,1492216990684,1492216990686,1492216990686,1492216990745,1492216990688,1492216990745,1492216990828,1492216990831,1492216990830,1492216990934,1492216990934,1492216993142,1492216993142,1492216993146
1492217095166,0,0,0,0,1492217095186,1492217096629,1492217096631,1492217096631,1492217096671,1492217096633,1492217096671,1492217096792,1492217096794,1492217096794,1492217096898,1492217096898,0,0,0
1492217201416,0,0,0,0,1492217201437,1492217203593,1492217203595,1492217203595,1492217203638,1492217203596,1492217203638,1492217203723,1492217203724,1492217203724,1492217203830,1492217203830,1492217205838,1492217205839,1492217205839
1492217305504,0,0,0,0,1492217305524,1492217307799,1492217307800,1492217307800,1492217307843,1492217307802,1492217307843,1492217307957,1492217307958,1492217307958,1492217307963,1492217307963,1492217310080,1492217310081,1492217310081
1492217409851,0,0,0,0,1492217409871,1492217411771,1492217411771,1492217411771,1492217411818,1492217411772,1492217411818,1492217411924,1492217411925,1492217411925,1492217412020,1492217412020,1492217413132,1492217413133,1492217413133
1492217507490,0,0,0,0,1492217507507,1492217509447,1492217509448,1492217509448,1492217509489,1492217509450,1492217509489,1492217509573,1492217509574,1492217509574,1492217509673,1492217509673,1492217511920,1492217511920,1492217511920
1492217612961,0,0,0,0,1492217612985,1492217614756,1492217614757,1492217614757,1492217614824,1492217614758,1492217614824,1492217614942,1492217614943,1492217614943,1492217614949,1492217614949,1492217616436,1492217616437,1492217616437
1492217704637,0,0,0,0,1492217704655,1492217706974,1492217706975,1492217706975,1492217707077,1492217706977,1492217707077,1492217707160,1492217707161,1492217707161,1492217707264,1492217707264,1492217709496,1492217709497,1492217709497
1492217815339,0,0,0,0,1492217815361,1492217816705,1492217816710,1492217816710,1492217816755,1492217816711,1492217816755,1492217816890,1492217816892,1492217816892,1492217816986,1492217816986,1492217819010,1492217819010,1492217819011
1492217927848,0,0,0,0,1492217927867,1492217930495,1492217930496,1492217930496,1492217930543,1492217930498,1492217930543,1492217930633,1492217930635,1492217930634,1492217930734,1492217930734,1492217935182,1492217935182,1492217935186
1492218032669,0,0,0,0,1492218032688,1492218034128,1492218034130,1492218034130,1492218034427,1492218034131,1492218034427,1492218034510,1492218034511,1492218034511,1492218034604,1492218034604,1492218036587,1492218036587,1492218036588
1492218133681,0,0,0,0,1492218133701,1492218135639,1492218135640,1492218135640,1492218135686,1492218135642,1492218135686,1492218135768,1492218135770,1492218135769,1492218135874,1492218135874,1492218137762,1492218137763,1492218137763
1492218246327,0,0,0,0,1492218246347,1492218248634,1492218248636,1492218248636,1492218248686,1492218248638,1492218248686,1492218248782,1492218248784,1492218248784,1492218248870,1492218248870,1492218255627,1492218255627,1492218255630
1492218363840,0,0,0,0,1492218363859,1492218366359,1492218366360,1492218366360,1492218366656,1492218366362,1492218366656,1492218366750,1492218366752,1492218366752,1492218366874,1492218366874,1492218368444,1492218368444,1492218368445
1492218473231,0,0,0,0,1492218473250,1492218476246,1492218476248,1492218476248,1492218476309,1492218476250,1492218476309,1492218476392,1492218476395,1492218476393,1492218476458,1492218476458,1492218478112,1492218478113,1492218478113
1492218584434,0,0,0,0,1492218584453,1492218586602,1492218586604,1492218586604,1492218586665,1492218586606,1492218586665,1492218586765,1492218586766,1492218586766,1492218586884,1492218586884,1492218589001,1492218589001,1492218589004
1492218677514,0,0,0,0,1492218677536,1492218679440,1492218679441,1492218679441,1492218679496,1492218679443,1492218679496,1492218679594,1492218679596,1492218679596,1492218679683,1492218679683,1492218681424,1492218681425,1492218681425
1492218773397,0,0,0,0,1492218773417,1492218774833,1492218774834,1492218774834,1492218774880,1492218774836,1492218774880,1492218774997,1492218775008,1492218774998,1492218775050,1492218775050,1492218777603,1492218777603,1492218777604
1492218875734,0,0,0,0,1492218875753,1492218878240,1492218878241,1492218878241,1492218878284,1492218878243,1492218878284,1492218878956,1492218878957,1492218878957,1492218879049,1492218879049,1492218881726,1492218881726,1492218881727
1492219030350,0,0,0,0,1492219030371,1492219031565,1492219031567,1492219031567,1492219031609,1492219031569,1492219031609,1492219031699,1492219031702,1492219031701,1492219031778,1492219031778,1492219033216,1492219033216,1492219033216
1492219176973,0,0,0,0,1492219176995,1492219178391,1492219178392,1492219178392,1492219178434,1492219178394,1492219178434,1492219178533,1492219178534,1492219178534,1492219178642,1492219178642,1492219180258,1492219180259,1492219180259
1492219294417,0,0,0,0,1492219294436,1492219295983,1492219295985,1492219295985,1492219296029,1492219295986,1492219296029,1492219296113,1492219296115,1492219296114,1492219296163,1492219296163,1492219297370,1492219297370,1492219297370
1492219389988,0,0,0,0,1492219390006,1492219391546,1492219391548,1492219391548,1492219391646,1492219391549,1492219391646,1492219391750,1492219391752,1492219391752,1492219391839,1492219391839,1492219397722,1492219397722,1492219397724
1492219480856,0,0,0,0,1492219480877,1492219482206,1492219482207,1492219482207,1492219482252,1492219482209,1492219482252,1492219482357,1492219482358,1492219482358,1492219482458,1492219482458,1492219487502,1492219487502,1492219487504
1492219573356,0,0,0,0,1492219573374,1492219574599,1492219574600,1492219574600,1492219574643,1492219574602,1492219574643,1492219574779,1492219574780,1492219574780,1492219574878,1492219574878,1492219576164,1492219576165,1492219576165
1492219667358,0,0,0,0,1492219667376,1492219670099,1492219670100,1492219670100,1492219670173,1492219670121,1492219670173,1492219670279,1492219670281,1492219670281,1492219670373,1492219670373,1492219672284,1492219672284,1492219672286
1492219767470,0,0,0,0,1492219767491,1492219769183,1492219769189,1492219769189,1492219769233,1492219769191,1492219769233,1492219769318,1492219769319,1492219769319,1492219769415,1492219769415,1492219770651,1492219770651,1492219770651
1492219854802,0,0,0,0,1492219854823,1492219856746,1492219856747,1492219856747,1492219856789,1492219856748,1492219856789,1492219856892,1492219856893,1492219856893,1492219856974,1492219856974,1492219859041,1492219859041,1492219859041
1492219972313,0,0,0,0,1492219972337,1492219974596,1492219974597,1492219974597,1492219974641,1492219974599,1492219974641,1492219974725,1492219974726,1492219974726,1492219974828,1492219974828,1492219977167,1492219977168,1492219977172
1492220068961,0,0,0,0,1492220068981,1492220071506,1492220071508,1492220071508,1492220071551,1492220071509,1492220071551,1492220071655,1492220071656,1492220071656,1492220071762,1492220071762,1492220074032,1492220074032,1492220074036
1492220171461,0,0,0,0,1492220171481,1492220173980,1492220173980,1492220173980,1492220174024,1492220173982,1492220174024,1492220174138,1492220174139,1492220174139,1492220174222,1492220174222,1492220175968,1492220175968,1492220175968
1492220274018,0,0,0,0,1492220274040,1492220276708,1492220276710,1492220276710,1492220276767,1492220276712,1492220276768,1492220276852,1492220276853,1492220276853,1492220276949,1492220276949,1492220279456,1492220279456,1492220279456
1492220371700,0,0,0,0,1492220371721,1492220374151,1492220374152,1492220374152,1492220374447,1492220374154,1492220374447,1492220374533,1492220374534,1492220374534,1492220374619,1492220374619,1492220376431,1492220376431,1492220376435
1492220535119,0,0,0,0,1492220535139,1492220536555,1492220536557,1492220536557,1492220536600,1492220536558,1492220536600,1492220536713,1492220536714,1492220536714,1492220536823,1492220536823,1492220538596,1492220538596,1492220538597
1492220623217,0,0,0,0,1492220623233,1492220625111,1492220625112,1492220625112,1492220625200,1492220625113,1492220625200,1492220625304,1492220625305,1492220625305,1492220625421,1492220625421,1492220626923,1492220626923,1492220626923
1492220740316,0,0,0,0,1492220740336,1492220741673,1492220741674,1492220741674,1492220741719,1492220741676,1492220741719,1492220741825,1492220741827,1492220741827,1492220741932,1492220741932,1492220743253,1492220743253,1492220743253
1492220831156,0,0,0,0,1492220831175,1492220833128,1492220833129,1492220833129,1492220833189,1492220833131,1492220833189,1492220833275,1492220833276,1492220833276,1492220833368,1492220833368,1492220835063,1492220835064,1492220835064
1492220919861,0,0,0,0,1492220919880,1492220921187,1492220921188,1492220921188,1492220921233,1492220921190,1492220921233,1492220921340,1492220921341,1492220921341,1492220921438,1492220921438,1492220922507,1492220922507,1492220922507
1492221069827,0,0,0,0,1492221069847,1492221071288,1492221071290,1492221071290,1492221071390,1492221071292,1492221071390,1492221071495,1492221071497,1492221071496,1492221071595,1492221071595,1492221072894,1492221072894,1492221072894
1492221158107,0,0,0,0,1492221158126,1492221160301,1492221160302,1492221160302,1492221160594,1492221160304,1492221160594,1492221160703,1492221160704,1492221160704,1492221160793,1492221160793,1492221163278,1492221163278,1492221163279
1492221252796,0,0,0,0,1492221252819,1492221253866,1492221253888,1492221253888,1492221253943,1492221253890,1492221253943,1492221254043,1492221254045,1492221254045,1492221254136,1492221254136,1492221255790,1492221255790,1492221255791
1492221357531,0,0,0,0,1492221357548,1492221359658,1492221359660,1492221359660,1492221359709,1492221359662,1492221359709,1492221359790,1492221359791,1492221359791,1492221359904,1492221359904,1492221362319,1492221362319,1492221362319
1492221454005,0,0,0,0,1492221454026,1492221455541,1492221455563,1492221455563,1492221455606,1492221455565,1492221455606,1492221455697,1492221455701,1492221455699,1492221455796,1492221455796,1492221457197,1492221457199,1492221457199
1492221543433,0,0,0,0,1492221543453,1492221545636,1492221545637,1492221545637,1492221545733,1492221545639,1492221545733,1492221545856,1492221545858,1492221545858,1492221545961,1492221545961,1492221547906,1492221547906,1492221547906
1492221641178,0,0,0,0,1492221641196,1492221643371,1492221643372,1492221643372,1492221643415,1492221643374,1492221643415,1492221643516,1492221643520,1492221643518,1492221643599,1492221643599,1492221645372,1492221645372,1492221645372
1492221733713,0,0,0,0,1492221733732,1492221735742,1492221735744,1492221735744,1492221735785,1492221735745,1492221735785,1492221735866,1492221735867,1492221735867,1492221735972,1492221735972,1492221737798,1492221737798,1492221737798
1492221827273,0,0,0,0,1492221827291,1492221829034,1492221829035,1492221829035,1492221829081,1492221829037,1492221829081,1492221829461,1492221829466,1492221829464,1492221829583,1492221829583,1492221831682,1492221831682,1492221831683
1492221928866,0,0,0,0,1492221928891,1492221931362,1492221931363,1492221931363,1492221931404,1492221931364,1492221931404,1492221931490,1492221931491,1492221931491,1492221931581,1492221931581,1492221933950,1492221933950,1492221933950
1492222043526,0,0,0,0,1492222043546,1492222044993,1492222044995,1492222044995,1492222045037,1492222044996,1492222045037,1492222045143,1492222045145,1492222045145,1492222045237,1492222045237,1492222047472,1492222047472,1492222047472
1492222137982,0,0,0,0,1492222138002,1492222140384,1492222140386,1492222140386,1492222140691,1492222140387,1492222140691,1492222140802,1492222140804,1492222140803,1492222140880,1492222140880,1492222142896,1492222142897,1492222142897
1492222236449,0,0,0,0,1492222236468,1492222237876,1492222237882,1492222237882,1492222237926,1492222237883,1492222237926,1492222238334,1492222238337,1492222238336,1492222238440,1492222238440,1492222240434,1492222240434,1492222240435
1492222403594,0,0,0,0,1492222403613,1492222405144,1492222405146,1492222405146,1492222405193,1492222405148,1492222405193,1492222405274,1492222405275,1492222405275,1492222405359,1492222405359,1492222409126,1492222409126,1492222409129
1492222508834,0,0,0,0,1492222508854,1492222511078,1492222511078,1492222511078,1492222511151,1492222511103,1492222511151,1492222511241,1492222511243,1492222511242,1492222511333,1492222511333,1492222514537,1492222514537,1492222514540
1492222613424,0,0,0,0,1492222613444,1492222614829,1492222614830,1492222614830,1492222614877,1492222614832,1492222614877,1492222614962,1492222614964,1492222614964,1492222615054,1492222615054,1492222616478,1492222616478,1492222616478
1492222711657,0,0,0,0,1492222711676,1492222713597,1492222713598,1492222713598,1492222713645,1492222713600,1492222713645,1492222713725,1492222713727,1492222713726,1492222713812,1492222713812,1492222715575,1492222715575,1492222715576
1492222810327,0,0,0,0,1492222810346,1492222812383,1492222812384,1492222812384,1492222812433,1492222812386,1492222812433,1492222812537,1492222812539,1492222812539,1492222812630,1492222812630,1492222816754,1492222816754,1492222816756
1492222909589,0,0,0,0,1492222909608,1492222911778,1492222911779,1492222911779,1492222911824,1492222911780,1492222911824,1492222911931,1492222911932,1492222911932,1492222912023,1492222912023,1492222913891,1492222913892,1492222913892
1492223007353,0,0,0,0,1492223007370,1492223008988,1492223008989,1492223008989,1492223009032,1492223008991,1492223009032,1492223009120,1492223009122,1492223009121,1492223009221,1492223009221,1492223010888,1492223010888,1492223010889
1492223092957,0,0,0,0,1492223092977,1492223095839,1492223095840,1492223095840,1492223095889,1492223095842,1492223095889,1492223095993,1492223095995,1492223095994,1492223096108,1492223096108,1492223097731,1492223097732,1492223097732
1492223211196,0,0,0,0,1492223211218,1492223213464,1492223213465,1492223213465,1492223213508,1492223213467,1492223213508,1492223213596,1492223213597,1492223213597,1492223213606,1492223213606,1492223215660,1492223215660,1492223215660
1492223305448,0,0,0,0,1492223305469,1492223308236,1492223308238,1492223308238,1492223308291,1492223308239,1492223308291,1492223308388,1492223308390,1492223308389,1492223308397,1492223308397,1492223310266,1492223310266,1492223310266
1492223401360,0,0,0,0,1492223401381,1492223403478,1492223403480,1492223403480,1492223403533,1492223403482,1492223403533,1492223403613,1492223403615,1492223403615,1492223403698,1492223403698,1492223405533,1492223405533,1492223405534
1492223499187,0,0,0,0,1492223499211,1492223501754,1492223501756,1492223501756,1492223501804,1492223501757,1492223501804,1492223502010,1492223502011,1492223502012,1492223502110,1492223502110,1492223504242,1492223504242,1492223504242
1492223614527,0,0,0,0,1492223614545,1492223617326,1492223617327,1492223617327,1492223617371,1492223617329,1492223617371,1492223617480,1492223617482,1492223617481,1492223617574,1492223617574,1492223619433,1492223619433,1492223619434
1492223713383,0,0,0,0,1492223713402,1492223715442,1492223715444,1492223715444,1492223715491,1492223715446,1492223715491,1492223718815,1492223718816,1492223718817,1492223718916,1492223718916,1492223720593,1492223720593,1492223720593
1492223810498,0,0,0,0,1492223810518,1492223813075,1492223813076,1492223813076,1492223813120,1492223813077,1492223813120,1492223813202,1492223813203,1492223813203,1492223813293,1492223813293,1492223814839,1492223814839,1492223814840
1492223968963,0,0,0,0,1492223968983,1492223970449,1492223970450,1492223970450,1492223970492,1492223970452,1492223970492,1492223970578,1492223970579,1492223970579,1492223970684,1492223970684,1492223972043,1492223972044,1492223972044
1492224055344,0,0,0,0,1492224055368,1492224057738,1492224057739,1492224057739,1492224057796,1492224057741,1492224057796,1492224057879,1492224057881,1492224057881,1492224057886,1492224057886,1492224059452,1492224059453,1492224059453
1492224143943,0,0,0,0,1492224143962,1492224146333,1492224146334,1492224146334,1492224146378,1492224146336,1492224146378,1492224146463,1492224146464,1492224146464,1492224146550,1492224146550,1492224148257,1492224148258,1492224148258
1492224243651,0,0,0,0,1492224243669,1492224245652,1492224245654,1492224245654,1492224245697,1492224245656,1492224245698,1492224245803,1492224245805,1492224245805,1492224245905,1492224245905,1492224247759,1492224247760,1492224247760
1492224346244,0,0,0,0,1492224346261,1492224348462,1492224348463,1492224348463,1492224348509,1492224348465,1492224348509,1492224348586,1492224348588,1492224348587,1492224348682,1492224348682,1492224352370,1492224352370,1492224352374
1492224447050,0,0,0,0,1492224447068,1492224449699,1492224449701,1492224449701,1492224449743,1492224449703,1492224449743,1492224450019,1492224450053,1492224450020,1492224450104,1492224450104,1492224451507,1492224451508,1492224451508
1492224555752,0,0,0,0,1492224555772,1492224558206,1492224558207,1492224558207,1492224558264,1492224558209,1492224558264,1492224558374,1492224558375,1492224558375,1492224558478,1492224558478,1492224560420,1492224560420,1492224560421
1492224652786,0,0,0,0,1492224652812,1492224654530,1492224654531,1492224654531,1492224654598,1492224654532,1492224654598,1492224655187,1492224655189,1492224655189,1492224655292,1492224655292,1492224657227,1492224657227,1492224657227
1492224747195,0,0,0,0,1492224747215,1492224749491,1492224749492,1492224749492,1492224749533,1492224749494,1492224749533,1492224749713,1492224749715,1492224749714,1492224749797,1492224749797,1492224751544,1492224751545,1492224751545
1492224842446,0,0,0,0,1492224842463,1492224844686,1492224844687,1492224844687,1492224844730,1492224844688,1492224844730,1492224844837,1492224844838,1492224844839,1492224844843,1492224844843,1492224846757,1492224846757,1492224846757
1492224949372,0,0,0,0,1492224949393,1492224950982,1492224950987,1492224950987,1492224951043,1492224950989,1492224951043,1492224951128,1492224951131,1492224951130,1492224951225,1492224951225,1492224953183,1492224953183,1492224953184
1492225043198,0,0,0,0,1492225043218,1492225044703,1492225044704,1492225044704,1492225044753,1492225044706,1492225044753,1492225044856,1492225044861,1492225044858,1492225044947,1492225044947,1492225046034,1492225046035,1492225046035
1492225129331,0,0,0,0,1492225129350,1492225131643,1492225131646,1492225131646,1492225131690,1492225131647,1492225131690,1492225131774,1492225131775,1492225131775,1492225131880,1492225131880,1492225133816,1492225133816,1492225133816
1492225223290,0,0,0,0,1492225223309,1492225224945,1492225224947,1492225224947,1492225224997,1492225224948,1492225224997,1492225225085,1492225225087,1492225225087,1492225225175,1492225225175,1492225227222,1492225227222,1492225227223
1492225321984,0,0,0,0,1492225322005,1492225324570,1492225324571,1492225324571,1492225324617,1492225324573,1492225324617,1492225324727,1492225324728,1492225324728,1492225324839,1492225324839,1492225328453,1492225328454,1492225328456
1492225415025,0,0,0,0,1492225415044,1492225416335,1492225416340,1492225416340,1492225416385,1492225416342,1492225416385,1492225417046,1492225417047,1492225417048,1492225417051,1492225417051,1492225417526,1492225417526,1492225417526
1492225503085,0,0,0,0,1492225503104,1492225504995,1492225504997,1492225504997,1492225505057,1492225504999,1492225505057,1492225505140,1492225505141,1492225505141,1492225505246,1492225505246,1492225507466,1492225507466,1492225507470
1492225611277,0,0,0,0,1492225611297,1492225612825,1492225612827,1492225612827,1492225612873,1492225612828,1492225612873,1492225612954,1492225612957,1492225612956,1492225613032,1492225613032,1492225614722,1492225614722,1492225614723
1492225709130,0,0,0,0,1492225709156,1492225710372,1492225710374,1492225710374,1492225710446,1492225710376,1492225710446,1492225710531,1492225710533,1492225710533,1492225710635,1492225710635,1492225712797,1492225712797,1492225712797
1492225817868,0,0,0,0,1492225817885,1492225819536,1492225819538,1492225819538,1492225819588,1492225819539,1492225819588,1492225819676,1492225819677,1492225819677,1492225819684,1492225819684,1492225822582,1492225822582,1492225822582
1492225912749,0,0,0,0,1492225912769,1492225915419,1492225915419,1492225915419,1492225915462,1492225915421,1492225915462,1492225915579,1492225915582,1492225915580,1492225915681,1492225915681,1492225917104,1492225917105,1492225917105
1492226024374,0,0,0,0,1492226024395,1492226025734,1492226025736,1492226025736,1492226025794,1492226025738,1492226025795,1492226025875,1492226025878,1492226025877,1492226025963,1492226025963,1492226027775,1492226027775,1492226027776
1492226124110,0,0,0,0,1492226124132,1492226125565,1492226125567,1492226125567,1492226125615,1492226125569,1492226125615,1492226125706,1492226125709,1492226125707,1492226125793,1492226125793,1492226127215,1492226127215,1492226127216
1492226221238,0,0,0,0,1492226221256,1492226222662,1492226222664,1492226222664,1492226222707,1492226222665,1492226222707,1492226223137,1492226223140,1492226223138,1492226223145,1492226223145,1492226225098,1492226225099,1492226225099
1492226326437,0,0,0,0,1492226326457,1492226328458,1492226328460,1492226328460,1492226328515,1492226328462,1492226328515,1492226328614,1492226328616,1492226328615,1492226328711,1492226328711,1492226330380,1492226330380,1492226330380
1492226438292,0,0,0,0,1492226438312,1492226439455,1492226439457,1492226439457,1492226439514,1492226439459,1492226439514,1492226439595,1492226439598,1492226439596,1492226439641,1492226439641,1492226441445,1492226441445,1492226441446
1492226540662,0,0,0,0,1492226540681,1492226542106,1492226542108,1492226542108,1492226542155,1492226542110,1492226542155,1492226542247,1492226542249,1492226542248,1492226542340,1492226542340,1492226544655,1492226544655,1492226544657
1492226641303,0,0,0,0,1492226641321,1492226643285,1492226643287,1492226643287,1492226643331,1492226643289,1492226643331,1492226643416,1492226643418,1492226643417,1492226643498,1492226643498,0,0,0
1492226737977,0,0,0,0,1492226738001,1492226739682,1492226739683,1492226739683,1492226739731,1492226739685,1492226739731,1492226739831,1492226739833,1492226739833,1492226740013,1492226740013,1492226742048,1492226742048,1492226742048
1492226841635,0,0,0,0,1492226841660,1492226843618,1492226843620,1492226843620,1492226843670,1492226843622,1492226843670,1492226843749,1492226843752,1492226843750,1492226843826,1492226843826,1492226845869,1492226845869,1492226845869
1492226994295,0,0,0,0,1492226994319,1492226995867,1492226995869,1492226995869,1492226995932,1492226995871,1492226995932,1492226996026,1492226996028,1492226996027,1492226996124,1492226996124,1492226997118,1492226997118,1492226997119
1492227081273,0,0,0,0,1492227081292,1492227082494,1492227082496,1492227082496,1492227082539,1492227082498,1492227082539,1492227082644,1492227082645,1492227082646,1492227082738,1492227082738,1492227084193,1492227084193,1492227084194
1492227180169,0,0,0,0,1492227180188,1492227182461,1492227182463,1492227182463,1492227182545,1492227182464,1492227182545,1492227182628,1492227182630,1492227182629,1492227182717,1492227182717,1492227184390,1492227184390,1492227184390
1492227272776,0,0,0,0,1492227272796,1492227275299,1492227275301,1492227275301,1492227275346,1492227275303,1492227275346,1492227275430,1492227275431,1492227275431,1492227275533,1492227275533,1492227277288,1492227277289,1492227277289
1492227374299,0,0,0,0,1492227374327,1492227377374,1492227377375,1492227377375,1492227377423,1492227377377,1492227377423,1492227377513,1492227377514,1492227377514,1492227377624,1492227377624,1492227379388,1492227379388,1492227379388
1492227467414,0,0,0,0,1492227467434,1492227469717,1492227469740,1492227469740,1492227469801,1492227469742,1492227469801,1492227469885,1492227469886,1492227469886,1492227469980,1492227469980,1492227471674,1492227471674,1492227471675
1492227562678,0,0,0,0,1492227562700,1492227563776,1492227563777,1492227563777,1492227563821,1492227563779,1492227563821,1492227563907,1492227563909,1492227563908,1492227564013,1492227564013,1492227566930,1492227566930,1492227566933
1492227666153,0,0,0,0,1492227666176,1492227667842,1492227667844,1492227667844,1492227667888,1492227667846,1492227667889,1492227667974,1492227667975,1492227667975,1492227667979,1492227667979,1492227670050,1492227670050,1492227670050
1492227766964,0,0,0,0,1492227766983,1492227768773,1492227768774,1492227768774,1492227768817,1492227768776,1492227768817,1492227768908,1492227768912,1492227768910,1492227768995,1492227768995,1492227770697,1492227770697,1492227770697
1492227868762,0,0,0,0,1492227868781,1492227871047,1492227871048,1492227871048,1492227871097,1492227871050,1492227871097,1492227871185,1492227871186,1492227871186,1492227871191,1492227871191,1492227873883,1492227873883,1492227873883
1492227962366,0,0,0,0,1492227962389,1492227963796,1492227963798,1492227963798,1492227963840,1492227963799,1492227963840,1492227963932,1492227963933,1492227963934,1492227964044,1492227964044,1492227965872,1492227965872,1492227965872
1492228053625,0,0,0,0,1492228053647,1492228055577,1492228055578,1492228055578,1492228055621,1492228055580,1492228055621,1492228055706,1492228055707,1492228055707,1492228055802,1492228055802,1492228057423,1492228057423,1492228057423
1492228152971,0,0,0,0,1492228152989,1492228155388,1492228155412,1492228155412,1492228155459,1492228155413,1492228155459,1492228155551,1492228155552,1492228155552,1492228155654,1492228155654,1492228157778,1492228157778,1492228157779
1492228242151,0,0,0,0,1492228242170,1492228244403,1492228244405,1492228244405,1492228244451,1492228244406,1492228244451,1492228244540,1492228244542,1492228244541,1492228244640,1492228244640,1492228246467,1492228246467,1492228246467
1492228341989,0,0,0,0,1492228342011,1492228344044,1492228344067,1492228344067,1492228344129,1492228344075,1492228344129,1492228344227,1492228344229,1492228344229,1492228344324,1492228344324,1492228346249,1492228346249,1492228346250
1492228440837,0,0,0,0,1492228440855,1492228443459,1492228443460,1492228443460,1492228443506,1492228443462,1492228443506,1492228443592,1492228443594,1492228443594,1492228443677,1492228443677,1492228447014,1492228447014,1492228447018
1492228542996,0,0,0,0,1492228543014,1492228545650,1492228545652,1492228545652,1492228545695,1492228545654,1492228545695,1492228545779,1492228545780,1492228545780,1492228545887,1492228545887,1492228547974,1492228547974,1492228547974
1492228650989,0,0,0,0,1492228651006,1492228653213,1492228653214,1492228653214,1492228653259,1492228653216,1492228653259,1492228653354,1492228653356,1492228653356,1492228653359,1492228653359,1492228655568,1492228655568,1492228655569
1492228753836,0,0,0,0,1492228753854,1492228756264,1492228756265,1492228756265,1492228756323,1492228756266,1492228756323,1492228756406,1492228756407,1492228756408,1492228756518,1492228756518,1492228758609,1492228758609,1492228758610
1492228859440,0,0,0,0,1492228859458,1492228861684,1492228861686,1492228861686,1492228861744,1492228861687,1492228861744,1492228861924,1492228861925,1492228861925,1492228862016,1492228862016,1492228863957,1492228863958,1492228863958
1492228962764,0,0,0,0,1492228962782,1492228965530,1492228965531,1492228965531,1492228965599,1492228965533,1492228965599,1492228965697,1492228965699,1492228965699,1492228965810,1492228965810,1492228968426,1492228968426,1492228968429
1492229067040,0,0,0,0,1492229067063,1492229069588,1492229069590,1492229069590,1492229069636,1492229069591,1492229069636,1492229069721,1492229069722,1492229069722,1492229069822,1492229069822,1492229072151,1492229072151,1492229072154
1492229164794,0,0,0,0,1492229164813,1492229167574,1492229167575,1492229167575,1492229167616,1492229167577,1492229167616,1492229167698,1492229167700,1492229167699,1492229167802,1492229167802,1492229169753,1492229169753,1492229169754
1492229265529,0,0,0,0,1492229265551,1492229267630,1492229267632,1492229267632,1492229267692,1492229267633,1492229267692,1492229267778,1492229267779,1492229267780,1492229267901,1492229267901,1492229269503,1492229269503,1492229269504
1492229363203,0,0,0,0,1492229363231,1492229365686,1492229365688,1492229365688,1492229365736,1492229365690,1492229365736,1492229365820,1492229365821,1492229365821,1492229365943,1492229365943,1492229367838,1492229367838,1492229367838
1492229470540,0,0,0,0,1492229470556,1492229473290,1492229473297,1492229473297,1492229473340,1492229473299,1492229473340,1492229473427,1492229473428,1492229473428,1492229473532,1492229473532,1492229475197,1492229475197,1492229475197
1492229573088,0,0,0,0,1492229573109,1492229575402,1492229575404,1492229575404,1492229575449,1492229575406,1492229575449,1492229575533,1492229575535,1492229575535,1492229575607,1492229575607,1492229577511,1492229577511,1492229577512
1492229670918,0,0,0,0,1492229670939,1492229672546,1492229672546,1492229672546,1492229672591,1492229672547,1492229672591,1492229672671,1492229672674,1492229672673,1492229672714,1492229672714,1492229674549,1492229674549,1492229674550
1492229766769,0,0,0,0,1492229766788,1492229768715,1492229768717,1492229768717,1492229768763,1492229768718,1492229768763,1492229768862,1492229768864,1492229768864,1492229768966,1492229768966,1492229770971,1492229770971,1492229770971
1492229872455,0,0,0,0,1492229872474,1492229875166,1492229875167,1492229875167,1492229875239,1492229875195,1492229875239,1492229875371,1492229875372,1492229875372,1492229875468,1492229875468,1492229878509,1492229878509,1492229878512
1492229983076,0,0,0,0,1492229983094,1492229985579,1492229985580,1492229985580,1492229985623,1492229985582,1492229985624,1492229985715,1492229985720,1492229985717,1492229985756,1492229985756,1492229988613,1492229988613,1492229988614
1492230096031,0,0,0,0,1492230096051,1492230097878,1492230097880,1492230097880,1492230097980,1492230097882,1492230097980,1492230098064,1492230098065,1492230098065,1492230098069,1492230098069,1492230100197,1492230100197,1492230100198
1492230201799,0,0,0,0,1492230201815,1492230204860,1492230204862,1492230204862,1492230204909,1492230204863,1492230204909,1492230205028,1492230205029,1492230205029,1492230205120,1492230205120,1492230207645,1492230207645,1492230207646
1492230305211,0,0,0,0,1492230305231,1492230307566,1492230307567,1492230307567,1492230307615,1492230307569,1492230307615,1492230307703,1492230307705,1492230307704,1492230307712,1492230307712,1492230310456,1492230310456,1492230310457
1492230408795,0,0,0,0,1492230408814,1492230410908,1492230410909,1492230410909,1492230410981,1492230410911,1492230410981,1492230411065,1492230411066,1492230411067,1492230411153,1492230411153,0,0,0
1492230510515,0,0,0,0,1492230510536,1492230512502,1492230512504,1492230512504,1492230512558,1492230512505,1492230512558,1492230512659,1492230512662,1492230512661,1492230512728,1492230512728,1492230514498,1492230514498,1492230514499
1492230607133,0,0,0,0,1492230607151,1492230609285,1492230609288,1492230609288,1492230609351,1492230609290,1492230609351,1492230610247,1492230610249,1492230610248,1492230610368,1492230610368,1492230614037,1492230614037,1492230614040
1492230708549,0,0,0,0,1492230708565,1492230710611,1492230710612,1492230710612,1492230710677,1492230710614,1492230710677,1492230710790,1492230710793,1492230710792,1492230710871,1492230710871,1492230712940,1492230712941,1492230712941
1492230814532,0,0,0,0,1492230814552,1492230817037,1492230817038,1492230817038,1492230817099,1492230817040,1492230817099,1492230817183,1492230817185,1492230817185,1492230817265,1492230817265,1492230819621,1492230819622,1492230819625
1492230930213,0,0,0,0,1492230930232,1492230932292,1492230932294,1492230932294,1492230932362,1492230932296,1492230932362,1492230932472,1492230932478,1492230932474,1492230932575,1492230932575,1492230935020,1492230935020,1492230935020
1492231046659,0,0,0,0,1492231046679,1492231048278,1492231048279,1492231048279,1492231048341,1492231048281,1492231048341,1492231048932,1492231048935,1492231048934,1492231049033,1492231049033,1492231050808,1492231050808,1492231050811
1492231152959,0,0,0,0,1492231152983,1492231156008,1492231156010,1492231156010,1492231156053,1492231156011,1492231156053,1492231156140,1492231156141,1492231156141,1492231156237,1492231156237,1492231157902,1492231157902,1492231157903
1492231260370,0,0,0,0,1492231260395,1492231262611,1492231262613,1492231262613,1492231262658,1492231262614,1492231262658,1492231262739,1492231262741,1492231262740,1492231262837,1492231262837,1492231264881,1492231264882,1492231264882
1492231366831,0,0,0,0,1492231366851,1492231369352,1492231369353,1492231369353,1492231369396,1492231369355,1492231369397,1492231369496,1492231369497,1492231369497,1492231369501,1492231369501,1492231373865,1492231373865,1492231373868
1492231475169,0,0,0,0,1492231475191,1492231476814,1492231476815,1492231476815,1492231476868,1492231476816,1492231476868,1492231476970,1492231476971,1492231476971,1492231477020,1492231477020,1492231478464,1492231478464,1492231478465
1492231574035,0,0,0,0,1492231574059,1492231575593,1492231575598,1492231575598,1492231575646,1492231575600,1492231575646,1492231575730,1492231575732,1492231575732,1492231575837,1492231575837,1492231577920,1492231577921,1492231577921
1492231670701,0,0,0,0,1492231670720,1492231673085,1492231673086,1492231673086,1492231673138,1492231673087,1492231673138,1492231673220,1492231673222,1492231673221,1492231673306,1492231673306,1492231677947,1492231677948,1492231677951
1492231772579,0,0,0,0,1492231772601,1492231774722,1492231774724,1492231774724,1492231774792,1492231774725,1492231774792,1492231774901,1492231774902,1492231774902,1492231775006,1492231775006,1492231777495,1492231777495,1492231777499
1492231869772,0,0,0,0,1492231869793,1492231872105,1492231872106,1492231872106,1492231872162,1492231872108,1492231872162,1492231872245,1492231872246,1492231872246,1492231872346,1492231872346,1492231874540,1492231874540,1492231874544
1492231974132,0,0,0,0,1492231974154,1492231976162,1492231976163,1492231976163,1492231976276,1492231976230,1492231976276,1492231976356,1492231976359,1492231976358,1492231976422,1492231976422,1492231978299,1492231978300,1492231978300
1492232070874,0,0,0,0,1492232070904,1492232072891,1492232072892,1492232072892,1492232072936,1492232072894,1492232072936,1492232073020,1492232073021,1492232073021,1492232073103,1492232073103,1492232075514,1492232075514,1492232075515
1492232175394,0,0,0,0,1492232175416,1492232177456,1492232177458,1492232177458,1492232177521,1492232177459,1492232177521,1492232177614,1492232177615,1492232177615,1492232177703,1492232177703,1492232179950,1492232179950,1492232179954
1492232279490,0,0,0,0,1492232279506,1492232281476,1492232281477,1492232281477,1492232281520,1492232281479,1492232281521,1492232281613,1492232281615,1492232281614,1492232281695,1492232281695,1492232283939,1492232283939,1492232283939
1492232378798,0,0,0,0,1492232378826,1492232380786,1492232380796,1492232380796,1492232380853,1492232380797,1492232380853,1492232380965,1492232380967,1492232380966,1492232381057,1492232381057,1492232382830,1492232382831,1492232382834
1492232480641,0,0,0,0,1492232480665,1492232483141,1492232483142,1492232483142,1492232483195,1492232483144,1492232483195,1492232483290,1492232483292,1492232483291,1492232483389,1492232483389,1492232485529,1492232485529,1492232485529
1492232578745,0,0,0,0,1492232578764,1492232581247,1492232581248,1492232581248,1492232581291,1492232581250,1492232581292,1492232581375,1492232581377,1492232581376,1492232581481,1492232581481,1492232584939,1492232584939,1492232584942
1492232676264,0,0,0,0,1492232676283,1492232678304,1492232678305,1492232678305,1492232678350,1492232678307,1492232678350,1492232678454,1492232678455,1492232678455,1492232678559,1492232678559,1492232679999,1492232679999,1492232680000
1492232772797,0,0,0,0,1492232772819,1492232774462,1492232774463,1492232774463,1492232774508,1492232774465,1492232774508,1492232774611,1492232774613,1492232774613,1492232774709,1492232774709,1492232776369,1492232776369,1492232776373
1492232865815,0,0,0,0,1492232865837,1492232867672,1492232867674,1492232867674,1492232867730,1492232867676,1492232867730,1492232867814,1492232867815,1492232867815,1492232867910,1492232867910,1492232869497,1492232869498,1492232869498
1492232965416,0,0,0,0,1492232965435,1492232967971,1492232967972,1492232967972,1492232968015,1492232967974,1492232968016,1492232968097,1492232968098,1492232968099,1492232968204,1492232968204,1492232970360,1492232970360,1492232970363
1492233071383,0,0,0,0,1492233071411,1492233074189,1492233074189,1492233074189,1492233074256,1492233074215,1492233074256,1492233074338,1492233074340,1492233074339,1492233074442,1492233074442,1492233075932,1492233075933,1492233075933
1492233167801,0,0,0,0,1492233167826,1492233169916,1492233169917,1492233169917,1492233169960,1492233169918,1492233169961,1492233170043,1492233170044,1492233170045,1492233170147,1492233170147,1492233171880,1492233171880,1492233171880
1492233266693,0,0,0,0,1492233266713,1492233269202,1492233269204,1492233269204,1492233269251,1492233269206,1492233269251,1492233269340,1492233269341,1492233269341,1492233269446,1492233269446,1492233271508,1492233271509,1492233271512
1492233369860,0,0,0,0,1492233369880,1492233372417,1492233372418,1492233372418,1492233372460,1492233372420,1492233372460,1492233372547,1492233372548,1492233372548,1492233372648,1492233372648,1492233374339,1492233374339,1492233374339
1492233469307,0,0,0,0,1492233469325,1492233471624,1492233471624,1492233471624,1492233471667,1492233471626,1492233471667,1492233471754,1492233471756,1492233471755,1492233471876,1492233471876,1492233473501,1492233473502,1492233473502
1492233578906,0,0,0,0,1492233578928,1492233581342,1492233581344,1492233581344,1492233581388,1492233581346,1492233581388,1492233581484,1492233581485,1492233581485,1492233581742,1492233581742,1492233584044,1492233584044,1492233584044
1492233690865,0,0,0,0,1492233690886,1492233692793,1492233692794,1492233692794,1492233692839,1492233692795,1492233692839,1492233692919,1492233692921,1492233692921,1492233693039,1492233693039,1492233695121,1492233695121,1492233695121
1492233802183,0,0,0,0,1492233802201,1492233804754,1492233804754,1492233804754,1492233804800,1492233804756,1492233804801,1492233804883,1492233804884,1492233804884,1492233804984,1492233804984,1492233807351,1492233807351,1492233807352
1492233900037,0,0,0,0,1492233900056,1492233902844,1492233902845,1492233902845,1492233902918,1492233902846,1492233902918,1492233903027,1492233903029,1492233903028,1492233903136,1492233903136,1492233904630,1492233904630,1492233904630
1492233985996,0,0,0,0,1492233986016,1492233988517,1492233988517,1492233988517,1492233988559,1492233988519,1492233988559,1492233988637,1492233988639,1492233988639,1492233988679,1492233988679,1492233990375,1492233990375,1492233990376
1492234094867,0,0,0,0,1492234094887,1492234097565,1492234097566,1492234097566,1492234097608,1492234097567,1492234097608,1492234097696,1492234097697,1492234097697,1492234097793,1492234097793,1492234100515,1492234100515,1492234100516
1492234208427,0,0,0,0,1492234208449,1492234210530,1492234210532,1492234210532,1492234210590,1492234210533,1492234210590,1492234210676,1492234210677,1492234210677,1492234210780,1492234210780,1492234213518,1492234213518,1492234213518
1492234316441,0,0,0,0,1492234316461,1492234318633,1492234318634,1492234318634,1492234318677,1492234318636,1492234318677,1492234318764,1492234318765,1492234318765,1492234318871,1492234318871,1492234320042,1492234320042,1492234320043
1492234417982,0,0,0,0,1492234418001,1492234419697,1492234419698,1492234419698,1492234419742,1492234419700,1492234419742,1492234419847,1492234419848,1492234419848,1492234419942,1492234419942,1492234422142,1492234422142,1492234422145
