link,navigationStart, unloadEventStart, unloadEventEnd, redirectStart, redirectEnd, fetchStart, domainLookupStart, domainLookupEnd, connectStart, connectEnd, secureConnectionStart, requestStart, responseStart, responseEnd, domLoading, domInteractive, domContentLoadedEventStart, domComplete, loadEventStart, loadEventEnd
1492133112304,0,0,0,0,1492133112320,1492133113942,1492133113944,1492133113944,1492133113966,1492133113945,1492133113966,1492133113971,1492133113982,1492133113973,1492133114146,1492133114146,0,0,0
1492133182622,0,0,0,0,1492133182638,1492133185426,1492133185428,1492133185428,1492133185450,1492133185429,1492133185450,1492133185455,1492133185462,1492133185457,1492133185505,1492133185505,0,0,0
1492133257354,0,0,0,0,1492133257372,1492133260011,1492133260033,1492133260033,1492133260055,1492133260035,1492133260055,1492133260104,1492133260111,1492133260105,1492133260360,1492133260360,0,0,0
1492133328185,0,0,0,0,1492133328202,1492133330116,1492133330117,1492133330117,1492133330139,1492133330118,1492133330139,1492133330144,1492133330158,1492133330146,1492133330351,1492133330351,0,0,0
1492133401137,0,0,0,0,1492133401155,1492133402598,1492133402620,1492133402620,1492133402643,1492133402621,1492133402643,1492133402707,1492133402715,1492133402708,1492133402997,1492133402997,0,0,0
1492133575601,0,0,0,0,1492133575621,1492133576752,1492133576753,1492133576753,1492133576776,1492133576755,1492133576776,1492133576783,1492133576790,1492133576784,1492133577046,1492133577046,0,0,0
1492133637909,0,0,0,0,1492133637927,1492133640210,1492133640211,1492133640211,1492133640233,1492133640213,1492133640233,1492133640239,1492133640252,1492133640240,1492133640907,1492133640907,0,0,0
1492133709245,0,0,0,0,1492133709262,1492133710717,1492133710718,1492133710718,1492133710741,1492133710720,1492133710741,1492133710746,1492133710753,1492133710747,1492133710964,1492133710964,0,0,0
1492133769486,0,0,0,0,1492133769505,1492133771526,1492133771527,1492133771527,1492133771548,1492133771529,1492133771548,1492133771554,1492133771561,1492133771555,1492133771738,1492133771738,0,0,0
1492133844382,0,0,0,0,1492133844403,1492133846396,1492133846397,1492133846397,1492133846420,1492133846399,1492133846420,1492133846499,1492133846505,1492133846500,1492133846762,1492133846762,0,0,0
1492133904819,0,0,0,0,1492133904836,1492133906124,1492133906126,1492133906126,1492133906148,1492133906127,1492133906148,1492133906154,1492133906164,1492133906156,1492133906408,1492133906408,0,0,0
1492133973516,0,0,0,0,1492133973537,1492133975477,1492133975478,1492133975478,1492133975500,1492133975480,1492133975500,1492133975544,1492133975552,1492133975546,1492133975796,1492133975796,0,0,0
1492134047972,0,0,0,0,1492134047993,1492134050396,1492134050398,1492134050398,1492134050428,1492134050400,1492134050428,1492134050437,1492134050445,1492134050438,1492134050616,1492134050616,0,0,0
1492134126210,0,0,0,0,1492134126228,1492134128671,1492134128672,1492134128672,1492134128694,1492134128673,1492134128694,1492134128699,1492134128709,1492134128701,1492134128955,1492134128955,0,0,0
1492134203522,0,0,0,0,1492134203540,1492134205876,1492134205877,1492134205877,1492134205900,1492134205879,1492134205900,1492134205905,1492134205913,1492134205907,1492134206077,1492134206077,0,0,0
1492134285962,0,0,0,0,1492134285980,1492134288668,1492134288669,1492134288669,1492134288695,1492134288671,1492134288695,1492134288777,1492134288784,1492134288778,1492134289036,1492134289036,0,0,0
1492134365313,0,0,0,0,1492134365331,1492134367519,1492134367521,1492134367521,1492134367563,1492134367523,1492134367563,1492134367570,1492134367578,1492134367571,1492134367767,1492134367767,0,0,0
1492134445573,0,0,0,0,1492134445592,1492134447449,1492134447453,1492134447453,1492134447476,1492134447455,1492134447476,1492134447559,1492134447573,1492134447561,1492134447817,1492134447817,0,0,0
1492134519340,0,0,0,0,1492134519356,1492134521338,1492134521339,1492134521339,1492134521360,1492134521340,1492134521360,1492134521365,1492134521372,1492134521366,1492134521526,1492134521526,0,0,0
1492134591989,0,0,0,0,1492134592013,1492134593963,1492134593964,1492134593964,1492134593986,1492134593966,1492134593987,1492134593992,1492134594001,1492134593994,1492134594336,1492134594336,0,0,0
1492134669847,0,0,0,0,1492134669864,1492134671326,1492134671328,1492134671328,1492134671349,1492134671329,1492134671349,1492134671355,1492134671362,1492134671356,1492134671601,1492134671601,0,0,0
1492134756365,0,0,0,0,1492134756383,1492134758876,1492134758877,1492134758877,1492134758898,1492134758879,1492134758899,1492134758903,1492134758911,1492134758905,1492134759086,1492134759086,0,0,0
1492134829394,0,0,0,0,1492134829413,1492134831674,1492134831695,1492134831695,1492134831717,1492134831697,1492134831717,1492134831782,1492134831789,1492134831783,1492134832204,1492134832204,0,0,0
1492134899656,0,0,0,0,1492134899672,1492134902175,1492134902176,1492134902176,1492134902198,1492134902178,1492134902198,1492134902205,1492134902213,1492134902207,1492134902378,1492134902378,0,0,0
1492134980467,0,0,0,0,1492134980485,1492134982749,1492134982750,1492134982750,1492134982773,1492134982752,1492134982773,1492134982855,1492134982863,1492134982856,1492134983127,1492134983127,0,0,0
1492135054312,0,0,0,0,1492135054331,1492135056767,1492135056769,1492135056769,1492135056800,1492135056770,1492135056800,1492135056805,1492135056812,1492135056806,1492135056937,1492135056937,0,0,0
1492135135889,0,0,0,0,1492135135907,1492135138570,1492135138570,1492135138570,1492135138599,1492135138572,1492135138599,1492135138679,1492135138690,1492135138680,1492135139123,1492135139123,0,0,0
1492135210906,0,0,0,0,1492135210922,1492135213434,1492135213435,1492135213435,1492135213457,1492135213437,1492135213457,1492135213463,1492135213471,1492135213464,1492135213668,1492135213668,0,0,0
1492135290928,0,0,0,0,1492135290946,1492135293181,1492135293182,1492135293182,1492135293204,1492135293184,1492135293205,1492135293296,1492135293307,1492135293298,1492135293639,1492135293639,0,0,0
1492135369465,0,0,0,0,1492135369485,1492135371483,1492135371484,1492135371484,1492135371508,1492135371486,1492135371508,1492135371513,1492135371520,1492135371514,1492135371543,1492135371543,0,0,0
1492135451288,0,0,0,0,1492135451306,1492135452763,1492135452764,1492135452764,1492135452788,1492135452766,1492135452788,1492135452793,1492135452801,1492135452794,1492135452986,1492135452986,0,0,0
1492135533427,0,0,0,0,1492135533445,1492135535697,1492135535698,1492135535698,1492135535727,1492135535700,1492135535727,1492135535772,1492135535779,1492135535773,1492135536154,1492135536154,0,0,0
1492135600655,0,0,0,0,1492135600673,1492135601928,1492135601933,1492135601933,1492135601955,1492135601935,1492135601955,1492135601960,1492135601968,1492135601961,1492135602153,1492135602153,0,0,0
1492135680312,0,0,0,0,1492135680331,1492135682097,1492135682099,1492135682099,1492135682139,1492135682101,1492135682139,1492135682236,1492135682244,1492135682237,1492135682487,1492135682487,0,0,0
1492135745162,0,0,0,0,1492135745179,1492135746727,1492135746729,1492135746729,1492135746756,1492135746731,1492135746756,1492135746761,1492135746770,1492135746763,1492135746966,1492135746966,0,0,0
1492135824299,0,0,0,0,1492135824318,1492135826891,1492135826895,1492135826895,1492135826917,1492135826897,1492135826917,1492135826965,1492135826974,1492135826967,1492135827241,1492135827241,0,0,0
1492135903623,0,0,0,0,1492135903642,1492135906058,1492135906060,1492135906060,1492135906091,1492135906062,1492135906091,1492135906097,1492135906106,1492135906099,1492135906298,1492135906298,0,0,0
1492135986937,0,0,0,0,1492135986955,1492135989304,1492135989305,1492135989305,1492135989327,1492135989307,1492135989327,1492135989332,1492135989341,1492135989334,1492135989508,1492135989508,0,0,0
1492136058994,0,0,0,0,1492136059013,1492136060245,1492136060246,1492136060246,1492136060275,1492136060248,1492136060275,1492136060282,1492136060291,1492136060284,1492136060471,1492136060471,1492136063011,1492136063012,1492136063047
1492136141000,0,0,0,0,1492136141019,1492136143838,1492136143839,1492136143839,1492136143862,1492136143840,1492136143862,1492136143946,1492136143954,1492136143947,1492136144203,1492136144203,0,0,0
1492136219852,0,0,0,0,1492136219870,1492136222627,1492136222628,1492136222628,1492136222653,1492136222630,1492136222653,1492136222659,1492136222669,1492136222660,1492136222877,1492136222877,0,0,0
1492136302831,0,0,0,0,1492136302847,1492136304873,1492136304874,1492136304874,1492136304897,1492136304876,1492136304897,1492136304988,1492136304994,1492136304989,1492136305309,1492136305309,0,0,0
1492136373293,0,0,0,0,1492136373310,1492136375327,1492136375348,1492136375348,1492136375370,1492136375350,1492136375370,1492136375376,1492136375383,1492136375377,1492136375540,1492136375540,0,0,0
1492136466880,0,0,0,0,1492136466899,1492136469393,1492136469395,1492136469395,1492136469423,1492136469396,1492136469423,1492136469429,1492136469436,1492136469430,1492136469572,1492136469572,0,0,0
1492136535671,0,0,0,0,1492136535690,1492136537194,1492136537195,1492136537195,1492136537217,1492136537197,1492136537217,1492136537224,1492136537233,1492136537225,1492136537397,1492136537397,0,0,0
1492136614253,0,0,0,0,1492136614269,1492136616675,1492136616677,1492136616677,1492136616707,1492136616679,1492136616707,1492136616716,1492136616725,1492136616717,1492136616894,1492136616894,0,0,0
1492136693348,0,0,0,0,1492136693367,1492136695586,1492136695588,1492136695588,1492136695609,1492136695589,1492136695609,1492136695615,1492136695622,1492136695616,1492136695766,1492136695766,1492136699484,1492136699484,1492136699528
1492136787086,0,0,0,0,1492136787103,1492136789562,1492136789563,1492136789563,1492136789586,1492136789565,1492136789586,1492136789672,1492136789681,1492136789673,1492136789915,1492136789916,0,0,0
1492136866616,0,0,0,0,1492136866636,1492136868371,1492136868372,1492136868372,1492136868393,1492136868374,1492136868394,1492136868400,1492136868407,1492136868401,1492136868584,1492136868584,1492136872564,1492136872564,1492136872607
1492136955573,0,0,0,0,1492136955589,1492136957848,1492136957849,1492136957849,1492136957870,1492136957850,1492136957871,1492136957937,1492136957944,1492136957938,1492136958199,1492136958199,0,0,0
1492137027259,0,0,0,0,1492137027278,1492137029466,1492137029467,1492137029467,1492137029489,1492137029469,1492137029490,1492137029496,1492137029504,1492137029497,1492137029684,1492137029684,0,0,0
1492137114372,0,0,0,0,1492137114388,1492137117263,1492137117264,1492137117264,1492137117294,1492137117266,1492137117294,1492137117298,1492137117306,1492137117300,1492137117584,1492137117584,0,0,0
1492137193567,0,0,0,0,1492137193586,1492137195822,1492137195823,1492137195823,1492137195850,1492137195829,1492137195850,1492137195855,1492137195863,1492137195856,1492137195881,1492137195881,0,0,0
1492137278522,0,0,0,0,1492137278539,1492137280687,1492137280688,1492137280688,1492137280712,1492137280690,1492137280712,1492137280774,1492137280782,1492137280775,1492137281021,1492137281021,0,0,0
1492137347273,0,0,1492137347290,1492137350081,1492137350081,1492137350081,1492137350081,1492137350081,1492137350081,0,1492137350082,1492137350087,1492137350096,1492137350088,1492137350281,1492137350281,0,0,0
1492137433460,0,0,0,0,1492137433478,1492137435230,1492137435232,1492137435232,1492137435254,1492137435233,1492137435254,1492137435259,1492137435273,1492137435260,1492137435297,1492137435297,0,0,0
1492137517809,0,0,0,0,1492137517827,1492137520278,1492137520279,1492137520279,1492137520301,1492137520281,1492137520302,1492137520387,1492137520395,1492137520388,1492137520627,1492137520627,0,0,0
1492137591088,0,0,0,0,1492137591106,1492137593039,1492137593040,1492137593040,1492137593062,1492137593042,1492137593063,1492137593067,1492137593075,1492137593068,1492137593149,1492137593149,0,0,0
1492137674933,0,0,0,0,1492137674952,1492137677557,1492137677558,1492137677558,1492137677581,1492137677560,1492137677581,1492137677663,1492137677674,1492137677665,1492137677913,1492137677913,0,0,0
1492137759786,0,0,0,0,1492137759805,1492137761987,1492137761991,1492137761991,1492137762012,1492137761992,1492137762012,1492137762018,1492137762028,1492137762019,1492137762206,1492137762206,0,0,0
1492137833871,0,0,0,0,1492137833889,1492137835266,1492137835267,1492137835267,1492137835288,1492137835268,1492137835288,1492137835295,1492137835303,1492137835296,1492137835459,1492137835459,0,0,0
1492137909151,0,0,0,0,1492137909168,1492137911657,1492137911658,1492137911658,1492137911682,1492137911659,1492137911682,1492137911687,1492137911695,1492137911689,1492137911873,1492137911873,0,0,0
1492137992451,0,0,0,0,1492137992470,1492137995120,1492137995121,1492137995121,1492137995144,1492137995123,1492137995144,1492137995151,1492137995158,1492137995152,1492137995316,1492137995316,0,0,0
1492138072690,0,0,0,0,1492138072711,1492138075309,1492138075310,1492138075310,1492138075332,1492138075312,1492138075332,1492138075337,1492138075345,1492138075338,1492138075503,1492138075503,0,0,0
1492138158458,0,0,0,0,1492138158474,1492138160638,1492138160640,1492138160640,1492138160666,1492138160641,1492138160666,1492138160711,1492138160718,1492138160713,1492138161078,1492138161078,0,0,0
1492138234873,0,0,0,0,1492138234891,1492138237330,1492138237331,1492138237331,1492138237353,1492138237333,1492138237353,1492138237359,1492138237367,1492138237360,1492138237509,1492138237509,0,0,0
1492138313870,0,0,0,0,1492138313888,1492138315860,1492138315861,1492138315861,1492138315883,1492138315863,1492138315883,1492138315889,1492138315897,1492138315890,1492138316077,1492138316077,0,0,0
1492138400010,0,0,0,0,1492138400031,1492138402335,1492138402336,1492138402336,1492138402361,1492138402338,1492138402361,1492138402366,1492138402374,1492138402368,1492138402532,1492138402532,0,0,0
1492138484170,0,0,0,0,1492138484186,1492138486438,1492138486438,1492138486438,1492138486460,1492138486440,1492138486460,1492138486542,1492138486550,1492138486544,1492138486787,1492138486787,0,0,0
1492138560631,0,0,0,0,1492138560651,1492138562509,1492138562510,1492138562510,1492138562531,1492138562512,1492138562531,1492138562537,1492138562545,1492138562538,1492138562740,1492138562740,0,0,0
1492138645513,0,0,0,0,1492138645532,1492138648055,1492138648076,1492138648076,1492138648098,1492138648077,1492138648098,1492138648180,1492138648189,1492138648181,1492138648429,1492138648429,0,0,0
1492138731655,0,0,0,0,1492138731676,1492138733879,1492138733880,1492138733880,1492138733902,1492138733882,1492138733902,1492138733908,1492138733917,1492138733909,1492138733942,1492138733942,0,0,0
1492138809974,0,0,0,0,1492138809992,1492138811854,1492138811855,1492138811855,1492138811877,1492138811857,1492138811877,1492138811927,1492138811934,1492138811929,1492138812213,1492138812213,0,0,0
1492138883662,0,0,0,0,1492138883681,1492138885636,1492138885658,1492138885658,1492138885679,1492138885659,1492138885679,1492138885685,1492138885696,1492138885686,1492138885783,1492138885783,0,0,0
1492138968964,0,0,0,0,1492138968980,1492138971280,1492138971288,1492138971288,1492138971321,1492138971290,1492138971321,1492138971326,1492138971334,1492138971327,1492138971570,1492138971570,0,0,0
1492139032903,0,0,0,0,1492139032924,1492139034144,1492139034146,1492139034146,1492139034167,1492139034147,1492139034167,1492139034172,1492139034179,1492139034174,1492139034216,1492139034216,0,0,0
1492139110286,0,0,0,0,1492139110305,1492139111900,1492139111901,1492139111901,1492139111926,1492139111903,1492139111926,1492139112008,1492139112018,1492139112009,1492139112269,1492139112269,0,0,0
1492139188222,0,0,0,0,1492139188240,1492139190902,1492139190903,1492139190903,1492139190925,1492139190905,1492139190925,1492139190930,1492139190941,1492139190932,1492139191119,1492139191119,0,0,0
1492139272545,0,0,0,0,1492139272563,1492139274255,1492139274276,1492139274276,1492139274302,1492139274278,1492139274302,1492139274380,1492139274389,1492139274382,1492139274725,1492139274725,0,0,0
1492139349095,0,0,0,0,1492139349114,1492139351610,1492139351611,1492139351611,1492139351633,1492139351612,1492139351633,1492139351638,1492139351645,1492139351639,1492139351819,1492139351819,0,0,0
1492139431598,0,0,0,0,1492139431617,1492139433780,1492139433781,1492139433781,1492139433804,1492139433783,1492139433804,1492139433885,1492139433893,1492139433887,1492139434142,1492139434142,0,0,0
1492139506231,0,0,0,0,1492139506249,1492139508400,1492139508401,1492139508401,1492139508426,1492139508403,1492139508426,1492139508431,1492139508440,1492139508432,1492139508643,1492139508643,0,0,0
1492139592391,0,0,0,0,1492139592410,1492139594451,1492139594473,1492139594473,1492139594497,1492139594474,1492139594497,1492139594501,1492139594510,1492139594503,1492139594800,1492139594800,0,0,0
1492139674875,0,0,0,0,1492139674893,1492139676833,1492139676834,1492139676834,1492139676856,1492139676835,1492139676856,1492139676861,1492139676870,1492139676862,1492139676970,1492139676970,1492139679990,1492139679991,1492139680037
1492139758691,0,0,0,0,1492139758710,1492139760990,1492139760991,1492139760991,1492139761014,1492139760992,1492139761014,1492139761020,1492139761030,1492139761022,1492139761225,1492139761226,0,0,0
1492139842406,0,0,0,0,1492139842425,1492139844985,1492139844986,1492139844986,1492139845009,1492139844988,1492139845009,1492139845073,1492139845080,1492139845074,1492139845324,1492139845324,0,0,0
1492139910048,0,0,0,0,1492139910066,1492139911715,1492139911716,1492139911716,1492139911738,1492139911718,1492139911738,1492139911745,1492139911753,1492139911746,1492139911909,1492139911909,0,0,0
1492139993293,0,0,0,0,1492139993313,1492139995495,1492139995496,1492139995496,1492139995518,1492139995498,1492139995518,1492139995598,1492139995607,1492139995600,1492139995871,1492139995871,0,0,0
1492140083062,0,0,0,0,1492140083081,1492140084524,1492140084526,1492140084526,1492140084629,1492140084527,1492140084629,1492140085068,1492140085072,1492140085070,1492140085883,1492140085883,0,0,0
1492140196060,0,0,0,0,1492140196078,1492140197701,1492140197702,1492140197702,1492140197804,1492140197704,1492140197804,1492140197852,1492140197859,1492140197854,1492140198927,1492140198927,0,0,0
1492140290686,0,0,0,0,1492140290704,1492140292507,1492140292508,1492140292508,1492140292613,1492140292510,1492140292613,1492140292661,1492140292669,1492140292663,1492140293478,1492140293478,0,0,0
1492140383168,0,0,0,0,1492140383188,1492140385343,1492140385345,1492140385345,1492140385400,1492140385347,1492140385400,1492140385446,1492140385453,1492140385447,1492140386288,1492140386288,0,0,0
1492140484887,0,0,0,0,1492140484910,1492140486356,1492140486358,1492140486358,1492140486404,1492140486359,1492140486404,1492140486453,1492140486456,1492140486454,1492140487219,1492140487219,0,0,0
1492140584036,0,0,0,0,1492140584053,1492140586928,1492140586928,1492140586928,1492140586974,1492140586930,1492140586974,1492140587033,1492140587042,1492140587034,1492140587707,1492140587707,0,0,0
1492140686173,0,0,0,0,1492140686193,1492140688489,1492140688491,1492140688491,1492140688597,1492140688492,1492140688597,1492140688644,1492140688653,1492140688646,1492140689394,1492140689394,0,0,0
1492140792562,0,0,0,0,1492140792581,1492140794813,1492140794815,1492140794815,1492140794858,1492140794816,1492140794858,1492140794913,1492140794919,1492140794915,1492140795744,1492140795744,0,0,0
1492140898898,0,0,0,0,1492140898918,1492140901257,1492140901258,1492140901258,1492140901318,1492140901260,1492140901318,1492140901764,1492140901768,1492140901765,1492140902548,1492140902548,0,0,0
1492140998457,0,0,0,0,1492140998477,1492141001251,1492141001252,1492141001252,1492141001364,1492141001253,1492141001364,1492141001417,1492141001453,1492141001418,1492141002273,1492141002273,0,0,0
1492141102120,0,0,1492141102140,1492141104137,1492141104137,1492141104137,1492141104137,1492141104137,1492141104137,0,1492141104138,1492141104186,1492141104187,1492141104187,1492141104403,1492141104403,0,0,0
1492141199118,0,0,0,0,1492141199141,1492141201021,1492141201022,1492141201022,1492141201122,1492141201024,1492141201122,1492141201692,1492141201728,1492141201694,1492141202394,1492141202394,0,0,0
1492141299457,0,0,0,0,1492141299479,1492141301878,1492141301879,1492141301879,1492141302180,1492141301880,1492141302180,1492141302228,1492141302239,1492141302229,1492141303065,1492141303065,0,0,0
1492141397911,0,0,0,0,1492141397930,1492141400517,1492141400518,1492141400518,1492141402622,1492141400520,1492141402622,1492141403067,1492141403073,1492141403068,1492141403633,1492141403633,0,0,0
1492141506070,0,0,0,0,1492141506090,1492141508420,1492141508421,1492141508421,1492141508464,1492141508423,1492141508464,1492141508511,1492141508523,1492141508513,1492141509443,1492141509443,0,0,0
1492141608198,0,0,0,0,1492141608217,1492141610192,1492141610193,1492141610193,1492141610245,1492141610195,1492141610245,1492141610872,1492141610878,1492141610874,1492141611650,1492141611650,0,0,0
1492141714454,0,0,0,0,1492141714474,1492141717081,1492141717082,1492141717082,1492141717126,1492141717084,1492141717126,1492141717172,1492141717186,1492141717173,1492141718106,1492141718106,0,0,0
1492141807090,0,0,0,0,1492141807116,1492141809619,1492141809620,1492141809620,1492141809665,1492141809622,1492141809665,1492141810004,1492141810007,1492141810006,1492141810533,1492141810533,0,0,0
1492141904306,0,0,0,0,1492141904325,1492141906476,1492141906477,1492141906477,1492141906521,1492141906478,1492141906521,1492141906570,1492141906610,1492141906571,1492141907399,1492141907399,0,0,0
1492142008338,0,0,0,0,1492142008357,1492142011262,1492142011263,1492142011263,1492142011315,1492142011265,1492142011315,1492142011361,1492142011374,1492142011362,1492142012237,1492142012237,0,0,0
1492142113479,0,0,0,0,1492142113502,1492142115427,1492142115428,1492142115428,1492142115482,1492142115430,1492142115482,1492142115531,1492142115548,1492142115533,1492142116405,1492142116405,0,0,0
1492142222535,0,0,0,0,1492142222556,1492142223965,1492142223966,1492142223966,1492142224019,1492142223968,1492142224019,1492142224069,1492142224079,1492142224070,1492142224882,1492142224882,0,0,0
1492142312161,0,0,0,0,1492142312184,1492142314497,1492142314499,1492142314499,1492142314549,1492142314501,1492142314549,1492142314599,1492142314604,1492142314600,1492142315361,1492142315361,0,0,0
1492142411421,0,0,0,0,1492142411444,1492142413758,1492142413760,1492142413760,1492142413856,1492142413762,1492142413857,1492142413903,1492142413912,1492142413904,1492142415052,1492142415052,0,0,0
1492142522329,0,0,1492142522348,1492142524657,1492142524657,1492142524657,1492142524657,1492142524657,1492142524657,0,1492142524658,1492142524707,1492142524708,1492142524708,1492142524925,1492142524925,0,0,0
1492142615819,0,0,0,0,1492142615839,1492142618585,1492142618587,1492142618587,1492142618628,1492142618588,1492142618628,1492142618676,1492142618681,1492142618678,1492142619417,1492142619417,0,0,0
1492142714343,0,0,0,0,1492142714367,1492142716421,1492142716423,1492142716423,1492142716467,1492142716425,1492142716467,1492142716516,1492142716521,1492142716518,1492142717343,1492142717343,0,0,0
1492142807423,0,0,0,0,1492142807442,1492142809765,1492142809767,1492142809767,1492142809812,1492142809769,1492142809812,1492142809860,1492142809864,1492142809861,1492142810566,1492142810566,0,0,0
1492142899784,0,0,0,0,1492142899805,1492142902107,1492142902109,1492142902109,1492142902152,1492142902111,1492142902152,1492142902204,1492142902211,1492142902205,1492142902933,1492142902933,0,0,0
1492143001159,0,0,0,0,1492143001178,1492143003800,1492143003802,1492143003802,1492143003854,1492143003804,1492143003854,1492143003901,1492143003907,1492143003902,1492143004742,1492143004742,0,0,0
1492143098123,0,0,0,0,1492143098139,1492143100603,1492143100604,1492143100604,1492143100645,1492143100606,1492143100645,1492143100691,1492143100699,1492143100692,1492143101450,1492143101450,0,0,0
1492143194854,0,0,0,0,1492143194871,1492143197540,1492143197541,1492143197541,1492143197585,1492143197542,1492143197585,1492143197634,1492143197640,1492143197635,1492143198358,1492143198358,0,0,0
1492143294485,0,0,0,0,1492143294501,1492143296701,1492143296706,1492143296706,1492143296748,1492143296707,1492143296749,1492143296795,1492143296803,1492143296796,1492143297536,1492143297537,0,0,0
1492143401963,0,0,0,0,1492143401982,1492143404182,1492143404184,1492143404184,1492143404292,1492143404186,1492143404292,1492143404341,1492143404349,1492143404342,1492143405139,1492143405139,0,0,0
1492143509522,0,0,0,0,1492143509542,1492143511763,1492143511764,1492143511764,1492143511811,1492143511766,1492143511811,1492143512373,1492143512381,1492143512375,1492143513147,1492143513147,1492143517751,1492143517751,1492143517985
1492143612317,0,0,0,0,1492143612337,1492143614627,1492143614629,1492143614629,1492143614732,1492143614631,1492143614732,1492143614780,1492143614786,1492143614781,1492143615546,1492143615546,0,0,0
1492143706592,0,0,0,0,1492143706611,1492143708874,1492143708875,1492143708875,1492143708978,1492143708877,1492143708978,1492143709023,1492143709029,1492143709025,1492143709859,1492143709859,0,0,0
1492143805683,0,0,0,0,1492143805706,1492143808426,1492143808428,1492143808428,1492143808472,1492143808430,1492143808472,1492143808520,1492143808529,1492143808521,1492143809246,1492143809246,0,0,0
1492143902165,0,0,0,0,1492143902183,1492143904432,1492143904433,1492143904433,1492143904476,1492143904435,1492143904476,1492143904522,1492143904533,1492143904523,1492143905242,1492143905242,0,0,0
1492144003191,0,0,0,0,1492144003209,1492144005059,1492144005061,1492144005061,1492144005104,1492144005063,1492144005104,1492144005150,1492144005157,1492144005151,1492144005852,1492144005852,0,0,0
1492144095943,0,0,0,0,1492144095964,1492144098425,1492144098426,1492144098426,1492144098524,1492144098428,1492144098524,1492144098574,1492144098588,1492144098576,1492144099243,1492144099243,0,0,0
1492144190650,0,0,0,0,1492144190670,1492144192640,1492144192642,1492144192642,1492144192696,1492144192644,1492144192696,1492144192744,1492144192748,1492144192745,1492144193618,1492144193618,0,0,0
1492144282838,0,0,0,0,1492144282859,1492144285300,1492144285301,1492144285301,1492144285346,1492144285303,1492144285346,1492144285402,1492144285408,1492144285403,1492144286022,1492144286022,0,0,0
1492144386571,0,0,0,0,1492144386590,1492144388508,1492144388510,1492144388510,1492144388555,1492144388512,1492144388555,1492144388602,1492144388608,1492144388604,1492144389335,1492144389335,0,0,0
1492144478113,0,0,0,0,1492144478131,1492144479388,1492144479389,1492144479389,1492144479488,1492144479391,1492144479488,1492144479914,1492144479917,1492144479915,1492144480698,1492144480698,0,0,0
1492144575553,0,0,0,0,1492144575573,1492144578133,1492144578136,1492144578136,1492144578180,1492144578137,1492144578180,1492144578227,1492144578234,1492144578229,1492144578938,1492144578938,0,0,0
1492144674894,0,0,0,0,1492144674916,1492144677111,1492144677116,1492144677116,1492144677157,1492144677118,1492144677157,1492144677204,1492144677222,1492144677205,1492144678281,1492144678281,0,0,0
1492144783868,0,0,0,0,1492144783886,1492144786741,1492144786742,1492144786742,1492144786783,1492144786743,1492144786783,1492144786831,1492144786840,1492144786833,1492144787671,1492144787671,0,0,0
1492144887783,0,0,0,0,1492144887807,1492144890374,1492144890375,1492144890375,1492144890421,1492144890377,1492144890421,1492144890471,1492144890480,1492144890472,1492144891281,1492144891281,0,0,0
1492145000483,0,0,0,0,1492145000504,1492145002131,1492145002133,1492145002133,1492145002186,1492145002136,1492145002186,1492145002235,1492145002250,1492145002236,1492145003142,1492145003142,0,0,0
1492145104765,0,0,0,0,1492145104782,1492145107154,1492145107156,1492145107156,1492145107199,1492145107157,1492145107199,1492145107245,1492145107256,1492145107246,1492145108062,1492145108062,0,0,0
1492145210365,0,0,0,0,1492145210383,1492145212778,1492145212780,1492145212780,1492145212824,1492145212782,1492145212824,1492145212871,1492145212882,1492145212873,1492145213613,1492145213613,0,0,0
1492145310490,0,0,0,0,1492145310509,1492145312466,1492145312468,1492145312468,1492145312513,1492145312470,1492145312513,1492145312562,1492145312567,1492145312564,1492145313203,1492145313203,1492145316611,1492145316611,1492145316647
1492145414245,0,0,0,0,1492145414263,1492145416374,1492145416375,1492145416375,1492145416481,1492145416377,1492145416481,1492145416908,1492145416916,1492145416909,1492145417624,1492145417624,0,0,0
1492145519409,0,0,0,0,1492145519426,1492145521649,1492145521651,1492145521651,1492145521751,1492145521652,1492145521751,1492145521801,1492145521812,1492145521803,1492145522542,1492145522542,0,0,0
1492145629822,0,0,0,0,1492145629842,1492145631814,1492145631816,1492145631816,1492145631864,1492145631818,1492145631864,1492145631910,1492145631922,1492145631911,1492145632776,1492145632776,0,0,0
1492145730582,0,0,0,0,1492145730604,1492145732629,1492145732631,1492145732631,1492145732677,1492145732633,1492145732677,1492145732725,1492145732733,1492145732726,1492145733540,1492145733540,0,0,0
1492145850220,0,0,0,0,1492145850242,1492145852973,1492145852975,1492145852975,1492145853017,1492145852977,1492145853018,1492145853066,1492145853072,1492145853068,1492145853817,1492145853817,0,0,0
1492145949408,0,0,0,0,1492145949427,1492145951354,1492145951377,1492145951377,1492145951474,1492145951379,1492145951474,1492145951521,1492145951526,1492145951522,1492145952329,1492145952329,0,0,0
1492146056324,0,0,0,0,1492146056345,1492146059031,1492146059033,1492146059033,1492146059076,1492146059035,1492146059076,1492146059123,1492146059128,1492146059125,1492146059843,1492146059843,0,0,0
1492146202900,0,0,0,0,1492146202922,1492146205194,1492146205196,1492146205196,1492146205239,1492146205198,1492146205239,1492146205718,1492146205755,1492146205720,1492146206685,1492146206685,1492146214547,1492146214547,1492146214552
1492146307381,0,0,0,0,1492146307400,1492146309393,1492146309395,1492146309395,1492146309437,1492146309396,1492146309437,1492146309907,1492146309911,1492146309909,1492146310540,1492146310540,0,0,0
1492146412483,0,0,0,0,1492146412503,1492146414479,1492146414482,1492146414482,1492146414589,1492146414483,1492146414590,1492146414638,1492146414654,1492146414639,1492146415573,1492146415573,0,0,0
1492146508244,0,0,0,0,1492146508265,1492146510492,1492146510494,1492146510494,1492146510535,1492146510495,1492146510535,1492146510581,1492146510586,1492146510582,1492146511322,1492146511322,0,0,0
1492146611145,0,0,0,0,1492146611165,1492146612594,1492146612596,1492146612596,1492146612706,1492146612599,1492146612706,1492146612757,1492146612768,1492146612758,1492146613480,1492146613481,0,0,0
1492146697224,0,0,0,0,1492146697241,1492146698797,1492146698799,1492146698799,1492146698843,1492146698801,1492146698843,1492146698892,1492146698899,1492146698893,1492146699707,1492146699707,0,0,0
1492146788012,0,0,1492146788034,1492146790089,1492146790089,1492146790089,1492146790089,1492146790089,1492146790089,0,1492146790090,1492146790132,1492146790134,1492146790133,1492146790343,1492146790343,0,0,0
1492146883907,0,0,0,0,1492146883928,1492146886186,1492146886189,1492146886189,1492146886256,1492146886191,1492146886256,1492146886305,1492146886321,1492146886307,1492146887072,1492146887072,0,0,0
1492146975653,0,0,0,0,1492146975672,1492146977486,1492146977488,1492146977488,1492146977530,1492146977490,1492146977530,1492146977578,1492146977586,1492146977580,1492146978383,1492146978383,0,0,0
1492147074280,0,0,0,0,1492147074302,1492147076299,1492147076301,1492147076301,1492147076408,1492147076302,1492147076408,1492147076455,1492147076460,1492147076456,1492147077383,1492147077383,0,0,0
1492147175931,0,0,0,0,1492147175951,1492147177943,1492147177945,1492147177945,1492147177990,1492147177947,1492147177990,1492147178038,1492147178049,1492147178041,1492147178785,1492147178785,0,0,0
1492147276887,0,0,0,0,1492147276906,1492147279385,1492147279391,1492147279391,1492147279436,1492147279393,1492147279436,1492147279485,1492147279497,1492147279487,1492147280563,1492147280563,1492147285266,1492147285266,1492147285350
1492147376261,0,0,0,0,1492147376281,1492147378484,1492147378485,1492147378485,1492147378585,1492147378488,1492147378585,1492147378632,1492147378637,1492147378634,1492147379454,1492147379454,0,0,0
1492147477427,0,0,0,0,1492147477448,1492147479362,1492147479363,1492147479363,1492147479460,1492147479364,1492147479460,1492147479511,1492147479515,1492147479512,1492147480343,1492147480343,0,0,0
1492147588321,0,0,0,0,1492147588341,1492147590548,1492147590554,1492147590554,1492147590601,1492147590556,1492147590601,1492147590648,1492147590658,1492147590650,1492147591435,1492147591435,0,0,0
