link,navigationStart, unloadEventStart, unloadEventEnd, redirectStart, redirectEnd, fetchStart, domainLookupStart, domainLookupEnd, connectStart, connectEnd, secureConnectionStart, requestStart, responseStart, responseEnd, domLoading, domInteractive, domContentLoadedEventStart, domComplete, loadEventStart, loadEventEnd
1492133122041,0,0,0,0,1492133122044,1492133122044,1492133122051,1492133122051,1492133122051,None,1492133122061,1492133122067,1492133122073,1492133122068,1492133122103,1492133122251,1492133125225,1492133125225,1492133125293
1492133197511,0,0,0,0,1492133197515,1492133197515,1492133197541,1492133197541,1492133197541,None,1492133197551,1492133197559,1492133197573,1492133197560,1492133197606,1492133197678,1492133202811,1492133202811,1492133202910
1492133270788,0,0,0,0,1492133270792,1492133270792,1492133270798,1492133270798,1492133270798,None,1492133270809,1492133270816,1492133270822,1492133270818,1492133271027,1492133271035,1492133271926,1492133271927,1492133271939
1492133340691,0,0,0,0,1492133340698,1492133340698,1492133340719,1492133340719,1492133340719,None,1492133340729,1492133340733,1492133340740,1492133340734,1492133340770,1492133340862,1492133345665,1492133345665,1492133345742
1492133413157,0,0,0,0,1492133413162,1492133413162,1492133413166,1492133413166,1492133413166,None,1492133413178,1492133413181,1492133413187,1492133413182,1492133413374,1492133413417,1492133416130,1492133416130,1492133416137
1492133584586,0,0,0,0,1492133584589,1492133584589,1492133584593,1492133584593,1492133584593,None,1492133584604,1492133584674,1492133584680,1492133584675,1492133584922,1492133584928,1492133586433,1492133586433,1492133586438
1492133651058,0,0,0,0,1492133651060,1492133651060,1492133651065,1492133651065,1492133651065,None,1492133651076,1492133651084,1492133651091,1492133651086,1492133651224,1492133651251,1492133655159,1492133655159,1492133655313
1492133719119,0,0,0,0,1492133719122,1492133719122,1492133719125,1492133719125,1492133719125,None,1492133719135,1492133719139,1492133719146,1492133719147,1492133719185,1492133719244,1492133723424,1492133723424,1492133723503
1492133782379,0,0,0,0,1492133782382,1492133782382,1492133782387,1492133782387,1492133782387,None,1492133782399,1492133782402,1492133782408,1492133782404,1492133782457,1492133782572,1492133786500,1492133786500,1492133786577
1492133856133,0,0,0,0,1492133856136,1492133856136,1492133856136,1492133856136,1492133856136,None,1492133856149,1492133856152,1492133856158,1492133856153,1492133856390,1492133856396,1492133857081,1492133857081,1492133857087
1492133915018,0,0,0,0,1492133915020,1492133915020,1492133915022,1492133915022,1492133915022,None,1492133915033,1492133915037,1492133915046,1492133915039,1492133915139,1492133915193,1492133919358,1492133919358,1492133919450
1492133986163,0,0,0,0,1492133986166,1492133986166,1492133986167,1492133986167,1492133986167,None,1492133986179,1492133986182,1492133986187,1492133986183,1492133986400,1492133986407,1492133988595,1492133988595,1492133988601
1492134061053,0,0,0,0,1492134061056,1492134061056,1492134061078,1492134061078,1492134061078,None,1492134061089,1492134061094,1492134061101,1492134061095,1492134061142,1492134061317,1492134065642,1492134065642,1492134065729
1492134138983,0,0,0,0,1492134138986,1492134138986,1492134138990,1492134138990,1492134138990,None,1492134139001,1492134139005,1492134139010,1492134139005,1492134139246,1492134139271,1492134142816,1492134142816,1492134142821
1492134217197,0,0,0,0,1492134217201,1492134217201,1492134219207,1492134219207,1492134219207,None,1492134219218,1492134219222,1492134219229,1492134219223,1492134219268,1492134219295,1492134222453,1492134222453,1492134222524
1492134299865,0,0,0,0,1492134299867,1492134299867,1492134299874,1492134299874,1492134299874,None,1492134299884,1492134299888,1492134299894,1492134299889,1492134300135,1492134300165,1492134303492,1492134303492,1492134303497
1492134378569,0,0,0,0,1492134378572,1492134378572,1492134378597,1492134378597,1492134378597,None,1492134378609,1492134378614,1492134378621,1492134378615,1492134378658,1492134378736,1492134383600,1492134383600,1492134383680
1492134456578,0,0,0,0,1492134456593,1492134456593,1492134456597,1492134456597,1492134456597,None,1492134456606,1492134456611,1492134456616,1492134456611,1492134456829,1492134456834,1492134459918,1492134459918,1492134459924
1492134529945,0,0,0,0,1492134529947,1492134529948,1492134529949,1492134529949,1492134529949,None,1492134529960,1492134529964,1492134529972,1492134529965,1492134530007,1492134530134,1492134533132,1492134533132,1492134533197
1492134605528,0,0,0,0,1492134605533,1492134605533,1492134605535,1492134605535,1492134605535,None,1492134605547,1492134605551,1492134605558,1492134605552,1492134605606,1492134605670,1492134610313,1492134610313,1492134610389
1492134680773,0,0,0,0,1492134680778,1492134680778,1492134680807,1492134680807,1492134680807,None,1492134680818,1492134680823,1492134680828,1492134680823,1492134681117,1492134681131,1492134684361,1492134684361,1492134684366
1492134770709,0,0,0,0,1492134770712,1492134770712,1492134770736,1492134770736,1492134770736,None,1492134770747,1492134770750,1492134770757,1492134770751,1492134770802,1492134770966,1492134774729,1492134774729,1492134774781
1492134842370,0,0,0,0,1492134842373,1492134842373,1492134842376,1492134842376,1492134842376,None,1492134842387,1492134842393,1492134842398,1492134842394,1492134842627,1492134842634,1492134844978,1492134844978,1492134844985
1492134911846,0,0,0,0,1492134911848,1492134911849,1492134911856,1492134911856,1492134911856,None,1492134911868,1492134911872,1492134911879,1492134911873,1492134911917,1492134911996,1492134916229,1492134916229,1492134916303
1492134993169,0,0,0,0,1492134993172,1492134993172,1492134993176,1492134993176,1492134993176,None,1492134993188,1492134993194,1492134993199,1492134993194,1492134993420,1492134993426,1492134995367,1492134995367,1492134995372
1492135068231,0,0,0,0,1492135068241,1492135068241,1492135068241,1492135068241,1492135068241,None,1492135069081,1492135069085,1492135069092,1492135069139,1492135069169,1492135069206,1492135074704,1492135074704,1492135074767
1492135147731,0,0,0,0,1492135147734,1492135147734,1492135147734,1492135147734,1492135147734,None,1492135147746,1492135147750,1492135147756,1492135147751,1492135147975,1492135147982,1492135150059,1492135150059,1492135150064
1492135224319,0,0,0,0,1492135224323,1492135224323,1492135224326,1492135224326,1492135224326,None,1492135224336,1492135224340,1492135224347,1492135224346,1492135224381,1492135224440,1492135229053,1492135229053,1492135229149
1492135303401,0,0,0,0,1492135303415,1492135303415,1492135303419,1492135303419,1492135303419,None,1492135303431,1492135303435,1492135303441,1492135303436,1492135303657,1492135303669,1492135304633,1492135304633,1492135304638
1492135382408,0,0,0,0,1492135382410,1492135382410,1492135382415,1492135382415,1492135382415,None,1492135382426,1492135382431,1492135382437,1492135382432,1492135382485,1492135382606,1492135387075,1492135387075,1492135387139
1492135461495,0,0,0,0,1492135461501,1492135461501,1492135461509,1492135461509,1492135461509,None,1492135461519,1492135461523,1492135461530,1492135461528,1492135461570,1492135461785,1492135465719,1492135465719,1492135465811
1492135545528,0,0,0,0,1492135545531,1492135545531,1492135545535,1492135545535,1492135545535,None,1492135545546,1492135545550,1492135545556,1492135545552,1492135545773,1492135545779,1492135548759,1492135548759,1492135548766
1492135612669,0,0,0,0,1492135612672,1492135612672,1492135612673,1492135612673,1492135612673,None,1492135612684,1492135612689,1492135612697,1492135612690,1492135612735,1492135612818,1492135616093,1492135616093,1492135616166
1492135691674,0,0,0,0,1492135691677,1492135691677,1492135691678,1492135691678,1492135691678,None,1492135691690,1492135691695,1492135691701,1492135691696,1492135691940,1492135691947,1492135694502,1492135694502,1492135694508
1492135757057,0,0,0,0,1492135757120,1492135757120,1492135757125,1492135757125,1492135757125,None,1492135757132,1492135757136,1492135757143,1492135757149,1492135757181,1492135757235,1492135761693,1492135761693,1492135761766
1492135837267,0,0,0,0,1492135837279,1492135837279,1492135837283,1492135837283,1492135837283,None,1492135837294,1492135837298,1492135837303,1492135837299,1492135837518,1492135837527,1492135840234,1492135840234,1492135840240
1492135917709,0,0,0,0,1492135917711,1492135917711,1492135917715,1492135917715,1492135917715,None,1492135917726,1492135917730,1492135917737,1492135917731,1492135917824,1492135917862,1492135922884,1492135922884,1492135922956
1492136000363,0,0,0,0,1492136000368,1492136000385,1492136000403,1492136000403,1492136000404,None,1492136000417,1492136000420,1492136000426,1492136000421,1492136000457,1492136000591,1492136003865,1492136003865,1492136003930
1492136071474,0,0,0,0,1492136071477,1492136071477,1492136071500,1492136071500,1492136071500,None,1492136071511,1492136071515,1492136071522,1492136071516,1492136071561,1492136071982,1492136075347,1492136075347,1492136075428
1492136153706,0,0,0,0,1492136153721,1492136153721,1492136153726,1492136153726,1492136153726,None,1492136153740,1492136153744,1492136153750,1492136153745,1492136154015,1492136154023,1492136157164,1492136157164,1492136157171
1492136233923,0,0,0,0,1492136233926,1492136233927,1492136233931,1492136233931,1492136233931,None,1492136233943,1492136233947,1492136233955,1492136233948,1492136234059,1492136234126,1492136238487,1492136238487,1492136238585
1492136315082,0,0,0,0,1492136315084,1492136315084,1492136315109,1492136315109,1492136315109,None,1492136315120,1492136315134,1492136315139,1492136315135,1492136315368,1492136315374,1492136319581,1492136319581,1492136319587
1492136385892,0,0,0,0,1492136385899,1492136385899,1492136385906,1492136385906,1492136385906,None,1492136385911,1492136385914,1492136385921,1492136385920,1492136385968,1492136386010,1492136391230,1492136391230,1492136391294
1492136480294,0,0,0,0,1492136480298,1492136480298,1492136480310,1492136480310,1492136480310,None,1492136480314,1492136480320,1492136480326,1492136480321,1492136480375,1492136480488,1492136484153,1492136484153,1492136484208
1492136546895,0,0,0,0,1492136546898,1492136546909,1492136546921,1492136546921,1492136546922,None,1492136546931,1492136546936,1492136546943,1492136546946,1492136546974,1492136546980,1492136550968,1492136550968,1492136551033
1492136628085,0,0,0,0,1492136628088,1492136628088,1492136628894,1492136628894,1492136628894,None,1492136628905,1492136628909,1492136628915,1492136628910,1492136628949,1492136628984,1492136632461,1492136632461,1492136632516
1492136712045,0,0,0,0,1492136712050,1492136712050,1492136712053,1492136712053,1492136712053,None,1492136712063,1492136712069,1492136712077,1492136712078,1492136712114,1492136712157,1492136716019,1492136716019,1492136716085
1492136799692,0,0,0,0,1492136799697,1492136799697,1492136799701,1492136799701,1492136799701,None,1492136799712,1492136799716,1492136799721,1492136799719,1492136799998,1492136800049,1492136802662,1492136802662,1492136802668
1492136884706,0,0,0,0,1492136884711,1492136884711,1492136884732,1492136884732,1492136884732,None,1492136884743,1492136884749,1492136884756,1492136884749,1492136884791,1492136884885,1492136889600,1492136889600,1492136889682
1492136966933,0,0,0,0,1492136966937,1492136966940,1492136966941,1492136966941,1492136966942,None,1492136966955,1492136966959,1492136966965,1492136966960,1492136967247,1492136967255,1492136970093,1492136970093,1492136970098
1492137041095,0,0,0,0,1492137041098,1492137041098,1492137041122,1492137041122,1492137041122,None,1492137041133,1492137041137,1492137041145,1492137041139,1492137041185,1492137041255,1492137045074,1492137045074,1492137045148
1492137128096,0,0,0,0,1492137128112,1492137128112,1492137128116,1492137128116,1492137128116,None,1492137128128,1492137128132,1492137128137,1492137128133,1492137128350,1492137128396,1492137132783,1492137132783,1492137132789
1492137207284,0,0,0,0,1492137207287,1492137207287,1492137209293,1492137209293,1492137209295,None,1492137209305,1492137209309,1492137209316,1492137209310,1492137209349,1492137209372,1492137211591,1492137211591,1492137211656
1492137290575,0,0,0,0,1492137290580,1492137290580,1492137290580,1492137290580,1492137290580,None,1492137290595,1492137290599,1492137290604,1492137290603,1492137290839,1492137290845,1492137293843,1492137293843,1492137293850
1492137360448,0,0,1492137360450,1492137360468,1492137360469,1492137360469,1492137360469,1492137360469,1492137360469,None,1492137360591,1492137360595,1492137360604,1492137360595,1492137360643,1492137360736,1492137364207,1492137364207,1492137364279
1492137445743,0,0,0,0,1492137445749,1492137445749,1492137445749,1492137445749,1492137445749,None,1492137445766,1492137445771,1492137445778,1492137445772,1492137445820,1492137445946,1492137452995,1492137452995,1492137453069
1492137528546,0,0,0,0,1492137528549,1492137528549,1492137528550,1492137528550,1492137528550,None,1492137528561,1492137528566,1492137528571,1492137528567,1492137528780,1492137528815,1492137530985,1492137530985,1492137530991
1492137604899,0,0,0,0,1492137604911,1492137604911,1492137604916,1492137604916,1492137604916,None,1492137604927,1492137604930,1492137604937,1492137604932,1492137604980,1492137605126,1492137609978,1492137609978,1492137610037
1492137688630,0,0,0,0,1492137688634,1492137688634,1492137688638,1492137688638,1492137688638,None,1492137688649,1492137688652,1492137688658,1492137688653,1492137688886,1492137688893,1492137691086,1492137691086,1492137691092
1492137773908,0,0,0,0,1492137773910,1492137773910,1492137773911,1492137773911,1492137773911,None,1492137773923,1492137773927,1492137773934,1492137773928,1492137773978,1492137774130,1492137777904,1492137777904,1492137777971
1492137845505,0,0,0,0,1492137845510,1492137845510,1492137845510,1492137845510,1492137845510,None,1492137845525,1492137845529,1492137845535,1492137845531,1492137845583,1492137845762,1492137849649,1492137849649,1492137849727
1492137922442,0,0,0,0,1492137922445,1492137922445,1492137922454,1492137922454,1492137922454,None,1492137922465,1492137922468,1492137922475,1492137922473,1492137922507,1492137922575,1492137925725,1492137925725,1492137925797
1492138007537,0,0,0,0,1492138007540,1492138007540,1492138007543,1492138007543,1492138007543,None,1492138007555,1492138007559,1492138007566,1492138007560,1492138007629,1492138007813,1492138011349,1492138011349,1492138011425
1492138087609,0,0,0,0,1492138087612,1492138087612,1492138087639,1492138087639,1492138087639,None,1492138087650,1492138087655,1492138087662,1492138087656,1492138087700,1492138087903,1492138092585,1492138092585,1492138092674
1492138171010,0,0,0,0,1492138171014,1492138171014,1492138171016,1492138171016,1492138171016,None,1492138171025,1492138171029,1492138171035,1492138171035,1492138171264,1492138171272,1492138174471,1492138174471,1492138174477
1492138247518,0,0,0,0,1492138247522,1492138247522,1492138247523,1492138247523,1492138247523,None,1492138247535,1492138247538,1492138247545,1492138247540,1492138247581,1492138247706,1492138252392,1492138252392,1492138252469
1492138330006,0,0,0,0,1492138330009,1492138330009,1492138330033,1492138330033,1492138330033,None,1492138330044,1492138330049,1492138330057,1492138330050,1492138330100,1492138330287,1492138334991,1492138334991,1492138335052
1492138413489,0,0,0,0,1492138413491,1492138413491,1492138413495,1492138413495,1492138413495,None,1492138413503,1492138413507,1492138413513,1492138413510,1492138413539,1492138413581,1492138419309,1492138419309,1492138419374
1492138495952,0,0,0,0,1492138495961,1492138495961,1492138495966,1492138495966,1492138495966,None,1492138495977,1492138495980,1492138495986,1492138495982,1492138496154,1492138496217,1492138499333,1492138499333,1492138499338
1492138573771,0,0,0,0,1492138573781,1492138573781,1492138573785,1492138573785,1492138573785,None,1492138573796,1492138573800,1492138573808,1492138573801,1492138573849,1492138574048,1492138579083,1492138579083,1492138579186
1492138657257,0,0,0,0,1492138657268,1492138657268,1492138657274,1492138657274,1492138657274,None,1492138657285,1492138657289,1492138657294,1492138657289,1492138657472,1492138657521,1492138660354,1492138660354,1492138660361
1492138744755,0,0,0,0,1492138744758,1492138744758,1492138744759,1492138744759,1492138744759,None,1492138744772,1492138744775,1492138744782,1492138744776,1492138744832,1492138744942,1492138748817,1492138748817,1492138748895
1492138822521,0,0,0,0,1492138822531,1492138822531,1492138822555,1492138822555,1492138822555,None,1492138822566,1492138822569,1492138822574,1492138822570,1492138822837,1492138822845,1492138825115,1492138825115,1492138825121
1492138897300,0,0,0,0,1492138897303,1492138897303,1492138897307,1492138897307,1492138897307,None,1492138897318,1492138897323,1492138897330,1492138897329,1492138897383,1492138897496,1492138901693,1492138901693,1492138901757
1492138980515,0,0,0,0,1492138980518,1492138980518,1492138980522,1492138980522,1492138980522,None,1492138980533,1492138980537,1492138980543,1492138980538,1492138980803,1492138980812,1492138983058,1492138983058,1492138983063
1492139041360,0,0,0,0,1492139041363,1492139041363,1492139041364,1492139041364,1492139041364,None,1492139041375,1492139041379,1492139041385,1492139041380,1492139041432,1492139041528,1492139043202,1492139043202,1492139043237
1492139121775,0,0,0,0,1492139121778,1492139121778,1492139121782,1492139121782,1492139121782,None,1492139121793,1492139121796,1492139121802,1492139121797,1492139122030,1492139122059,1492139125604,1492139125604,1492139125611
1492139202426,0,0,0,0,1492139202429,1492139202429,1492139202430,1492139202430,1492139202430,None,1492139202443,1492139202447,1492139202455,1492139202448,1492139202529,1492139202669,1492139205707,1492139205707,1492139205736
1492139284722,0,0,0,0,1492139284725,1492139284725,1492139284730,1492139284730,1492139284730,None,1492139284741,1492139284746,1492139284751,1492139284747,1492139285037,1492139285073,1492139288010,1492139288010,1492139288015
1492139362612,0,0,0,0,1492139362617,1492139362617,1492139362617,1492139362617,1492139362617,None,1492139362629,1492139362633,1492139362639,1492139362636,1492139362671,1492139362721,1492139367636,1492139367636,1492139367745
1492139444752,0,0,0,0,1492139444755,1492139444755,1492139444759,1492139444759,1492139444759,None,1492139444770,1492139444773,1492139444778,1492139444774,1492139444996,1492139445005,1492139447286,1492139447286,1492139447293
1492139519903,0,0,0,0,1492139519906,1492139519906,1492139519910,1492139519910,1492139519910,None,1492139519921,1492139519926,1492139519933,1492139519927,1492139519978,1492139520076,1492139524253,1492139524253,1492139524351
1492139604638,0,0,0,0,1492139604642,1492139604642,1492139604646,1492139604646,1492139604646,None,1492139604658,1492139604663,1492139604668,1492139604663,1492139604891,1492139604897,1492139606988,1492139606988,1492139606993
1492139690436,0,0,0,0,1492139690438,1492139690438,1492139690443,1492139690443,1492139690443,None,1492139690453,1492139690457,1492139690465,1492139692713,1492139692755,1492139692849,1492139694504,1492139694504,1492139694564
1492139773016,0,0,0,0,1492139773022,1492139773022,1492139773022,1492139773022,1492139773022,None,1492139773036,1492139773041,1492139773049,1492139773044,1492139773102,1492139773399,1492139777059,1492139777059,1492139777143
1492139854725,0,0,0,0,1492139854734,1492139854734,1492139854749,1492139854749,1492139854749,None,1492139854750,1492139854753,1492139854759,1492139854755,1492139854997,1492139855004,1492139855759,1492139855759,1492139855764
1492139922306,0,0,0,0,1492139922309,1492139922309,1492139922315,1492139922315,1492139922315,None,1492139922325,1492139922328,1492139922334,1492139922333,1492139922372,1492139922467,1492139926359,1492139926359,1492139926436
1492140006722,0,0,0,0,1492140006725,1492140006725,1492140006726,1492140006726,1492140006726,None,1492140006737,1492140006741,1492140006746,1492140006742,1492140006988,1492140007032,1492140010324,1492140010324,1492140010331
1492140096998,0,0,0,0,1492140097001,1492140097001,1492140097002,1492140097002,1492140097002,None,1492140097091,1492140097135,1492140097136,1492140097136,1492140099670,1492140099674,1492140108081,1492140108082,1492140108090
1492140215135,0,0,1492140215138,1492140215270,1492140215271,1492140215271,1492140215883,1492140215883,1492140215883,None,1492140215883,1492140215929,1492140215929,1492140215930,1492140217660,1492140217711,1492140220687,1492140220688,1492140220720
1492140304813,0,0,0,0,1492140304818,1492140304818,1492140304824,1492140304824,1492140304824,None,1492140304917,1492140304958,1492140304961,1492140304960,1492140308174,1492140308189,1492140313009,1492140313009,1492140313054
1492140398997,0,0,0,0,1492140399008,1492140399008,1492140399009,1492140399009,1492140399009,None,1492140399109,1492140399154,1492140399155,1492140399155,1492140402610,1492140402649,1492140407318,1492140407318,1492140407363
1492140499906,0,0,0,0,1492140499908,1492140499909,1492140499924,1492140499924,1492140499924,None,1492140502021,1492140502068,1492140502069,1492140502069,1492140503563,1492140503576,1492140505358,1492140505358,1492140505359
1492140600838,0,0,0,0,1492140600841,1492140600841,1492140600844,1492140600844,1492140600844,None,1492140600933,1492140600976,1492140600978,1492140600978,1492140603901,1492140603910,1492140607910,1492140607911,1492140607954
1492140701546,0,0,1492140701549,1492140701682,1492140701684,1492140701684,1492140701686,1492140701686,1492140701686,None,1492140701686,1492140701729,1492140701730,1492140701730,1492140701878,1492140701880,1492140707592,1492140707592,1492140707627
1492140808876,0,0,0,0,1492140808879,1492140808879,1492140808881,1492140808881,1492140808881,None,1492140808970,1492140809014,1492140809016,1492140809015,1492140811778,1492140811782,1492140817624,1492140817624,1492140817669
1492140916473,0,0,0,0,1492140916476,1492140916476,1492140916478,1492140916478,1492140916478,None,1492140917566,1492140917610,1492140917612,1492140917611,1492140920155,1492140920170,1492140924485,1492140924485,1492140924533
1492141015775,0,0,0,0,1492141015779,1492141015779,1492141015780,1492141015780,1492141015780,None,1492141015873,1492141015916,1492141015918,1492141015917,1492141018580,1492141018616,1492141022656,1492141022656,1492141022700
1492141114791,0,0,0,0,1492141114794,1492141114794,1492141114797,1492141114797,1492141114797,None,1492141114890,1492141114934,1492141114936,1492141114936,1492141117153,1492141117164,1492141123084,1492141123084,1492141123129
1492141212224,0,0,0,0,1492141212228,1492141212228,1492141212243,1492141212243,1492141212243,None,1492141212328,1492141212374,1492141212376,1492141212375,1492141214515,1492141214603,1492141219667,1492141219667,1492141219713
1492141314764,0,0,0,0,1492141314767,1492141314767,1492141314768,1492141314768,1492141314768,None,1492141314860,1492141314903,1492141314905,1492141314905,1492141317761,1492141317782,1492141323012,1492141323012,1492141323064
1492141414566,0,0,0,0,1492141414578,1492141414578,1492141414582,1492141414582,1492141414582,None,1492141414672,1492141414715,1492141414716,1492141414717,1492141416073,1492141418185,1492141426378,1492141426378,1492141426385
1492141521473,0,0,0,0,1492141521476,1492141521476,1492141521479,1492141521479,1492141521479,None,1492141521568,1492141521612,1492141521614,1492141521613,1492141524452,1492141524462,1492141530441,1492141530441,1492141530517
1492141620042,0,0,0,0,1492141620045,1492141620045,1492141620055,1492141620055,1492141620055,None,1492141620143,1492141620188,1492141620190,1492141620189,1492141620955,1492141620964,1492141630827,1492141630828,1492141630837
1492141729667,0,0,0,0,1492141729670,1492141729670,1492141729670,1492141729670,1492141729670,None,1492141729764,1492141729809,1492141729811,1492141729810,1492141732489,1492141732501,1492141736877,1492141736877,1492141736923
1492141819555,0,0,1492141819561,1492141819697,1492141819698,1492141819698,1492141819783,1492141819783,1492141819783,None,1492141819783,1492141819839,1492141819839,1492141819840,1492141819987,1492141819991,1492141825861,1492141825861,1492141825895
1492141918256,0,0,0,0,1492141918270,1492141918270,1492141918274,1492141918274,1492141918274,None,1492141919564,1492141919607,1492141919609,1492141919608,1492141921525,1492141921529,1492141926019,1492141926019,1492141926076
1492142021364,0,0,0,0,1492142021369,1492142021369,1492142021386,1492142021386,1492142021386,None,1492142021533,1492142021576,1492142021579,1492142021726,1492142023864,1492142023879,1492142031599,1492142031599,1492142031612
1492142129297,0,0,1492142129300,1492142129480,1492142129481,1492142129481,1492142129876,1492142129876,1492142129876,None,1492142129876,1492142129924,1492142129924,1492142129925,1492142132339,1492142132389,1492142134753,1492142134753,1492142134786
1492142234045,0,0,0,0,1492142234048,1492142234048,1492142234053,1492142234053,1492142234053,None,1492142234144,1492142234603,1492142234604,1492142234604,1492142236679,1492142236696,1492142241828,1492142241829,1492142241878
1492142326730,0,0,0,0,1492142326733,1492142326733,1492142326734,1492142326734,1492142326734,None,1492142326828,1492142326870,1492142326871,1492142326871,1492142329472,1492142329481,1492142334466,1492142334466,1492142334512
1492142425594,0,0,0,0,1492142425598,1492142425598,1492142425622,1492142425622,1492142425622,None,1492142425709,1492142425753,1492142425755,1492142425754,1492142430578,1492142430625,1492142435084,1492142435084,1492142435189
1492142535327,0,0,0,0,1492142535329,1492142535329,1492142535333,1492142535333,1492142535333,None,1492142535366,1492142535409,1492142535411,1492142535410,1492142538082,1492142538113,1492142544065,1492142544066,1492142544118
1492142630968,0,0,0,0,1492142630970,1492142630970,1492142630977,1492142630977,1492142630977,None,1492142632067,1492142632111,1492142632113,1492142632112,1492142634369,1492142634373,1492142639373,1492142639374,1492142639416
1492142729379,0,0,0,0,1492142729382,1492142729382,1492142729383,1492142729383,1492142729383,None,1492142729474,1492142729522,1492142729523,1492142729524,1492142730686,1492142730702,1492142737298,1492142737298,1492142737343
1492142822638,0,0,0,0,1492142822653,1492142822653,1492142822662,1492142822662,1492142822662,None,1492142823767,1492142823813,1492142823815,1492142823814,1492142826363,1492142826376,1492142830926,1492142830926,1492142830974
1492142915251,0,0,0,0,1492142915254,1492142915254,1492142915255,1492142915255,1492142915255,None,1492142915344,1492142915387,1492142915388,1492142915388,1492142915977,1492142915981,1492142922947,1492142922947,1492142922994
1492143015868,0,0,0,0,1492143015872,1492143015872,1492143015877,1492143015877,1492143015877,None,1492143015963,1492143016007,1492143016008,1492143016008,1492143017224,1492143017229,1492143024434,1492143024434,1492143024477
1492143113440,0,0,0,0,1492143113443,1492143113443,1492143113449,1492143113449,1492143113449,None,1492143113540,1492143113583,1492143113585,1492143113584,1492143116325,1492143116436,1492143124169,1492143124169,1492143124178
1492143209192,0,0,0,0,1492143209201,1492143209201,1492143209203,1492143209203,1492143209203,None,1492143209296,1492143209340,1492143209342,1492143209341,1492143212783,1492143212820,1492143217405,1492143217405,1492143217450
1492143307813,0,0,0,0,1492143307816,1492143307816,1492143307819,1492143307819,1492143307819,None,1492143307915,1492143307960,1492143307962,1492143307961,1492143309294,1492143309297,1492143315339,1492143315339,1492143315385
1492143416764,0,0,0,0,1492143416775,1492143416775,1492143416777,1492143416777,1492143416777,None,1492143416866,1492143416911,1492143416913,1492143416912,1492143420990,1492143421000,1492143425462,1492143425462,1492143425512
1492143527945,0,0,0,0,1492143527963,1492143527963,1492143527970,1492143527970,1492143527970,None,1492143528058,1492143528105,1492143528107,1492143528106,1492143531494,1492143531506,1492143534316,1492143534316,1492143534357
1492143627663,0,0,0,0,1492143627666,1492143627666,1492143627688,1492143627688,1492143627688,None,1492143627777,1492143627821,1492143627823,1492143627822,1492143630564,1492143630574,1492143635858,1492143635859,1492143635903
1492143723161,0,0,0,0,1492143723166,1492143723166,1492143723168,1492143723168,1492143723168,None,1492143723260,1492143723303,1492143723305,1492143723304,1492143728660,1492143728690,1492143730420,1492143730420,1492143730546
1492143818903,0,0,0,0,1492143818912,1492143818912,1492143818916,1492143818916,1492143818916,None,1492143820230,1492143820277,1492143820278,1492143820278,1492143825860,1492143825882,1492143827496,1492143827496,1492143827596
1492143917021,0,0,0,0,1492143917023,1492143917023,1492143917025,1492143917025,1492143917025,None,1492143917118,1492143917163,1492143917165,1492143917164,1492143921288,1492143921314,1492143923515,1492143923515,1492143923612
1492144018852,0,0,0,0,1492144018856,1492144018856,1492144018861,1492144018861,1492144018861,None,1492144020045,1492144020089,1492144020091,1492144020090,1492144024438,1492144024461,1492144026526,1492144026526,1492144026626
1492144110026,0,0,0,0,1492144110030,1492144110030,1492144110044,1492144110044,1492144110044,None,1492144110129,1492144110173,1492144110174,1492144110174,1492144113782,1492144113869,1492144118306,1492144118306,1492144118346
1492144205325,0,0,0,0,1492144205330,1492144205330,1492144205343,1492144205343,1492144205343,None,1492144205434,1492144205482,1492144205484,1492144205484,1492144208598,1492144208607,1492144212163,1492144212164,1492144212207
1492144297625,0,0,1492144297628,1492144297761,1492144297762,1492144297762,1492144298111,1492144298111,1492144298111,None,1492144298111,1492144298174,1492144298174,1492144298174,1492144300484,1492144300529,1492144304520,1492144304520,1492144304527
1492144399469,0,0,0,0,1492144399472,1492144399472,1492144399477,1492144399477,1492144399477,None,1492144399566,1492144399609,1492144399611,1492144399610,1492144400170,1492144400173,1492144407015,1492144407015,1492144407060
1492144490916,0,0,0,0,1492144490920,1492144490920,1492144490921,1492144490921,1492144490921,None,1492144490955,1492144491003,1492144491004,1492144491011,1492144491683,1492144491712,1492144499227,1492144499227,1492144499272
1492144588967,0,0,0,0,1492144588970,1492144588970,1492144588976,1492144588976,1492144588976,None,1492144589069,1492144589516,1492144589517,1492144589517,1492144590062,1492144590096,1492144596171,1492144596171,1492144596233
1492144690347,0,0,1492144690349,1492144690482,1492144690483,1492144690483,1492144691035,1492144691035,1492144691035,None,1492144691035,1492144691078,1492144691079,1492144691079,1492144691182,1492144691235,1492144697346,1492144697346,1492144697379
1492144801118,0,0,1492144801121,1492144801259,1492144801260,1492144801260,1492144801937,1492144801937,1492144801937,None,1492144801937,1492144802014,1492144802014,1492144802015,1492144804844,1492144804892,1492144807550,1492144807550,1492144807582
1492144905806,0,0,0,0,1492144905810,1492144905810,1492144905815,1492144905815,1492144905815,None,1492144905906,1492144905949,1492144905950,1492144905950,1492144908584,1492144908608,1492144913444,1492144913444,1492144913491
1492145013723,0,0,0,0,1492145013728,1492145013728,1492145013731,1492145013731,1492145013731,None,1492145013855,1492145013899,1492145013902,1492145013900,1492145017617,1492145017736,1492145025489,1492145025489,1492145025497
1492145120620,0,0,0,0,1492145120623,1492145120623,1492145120627,1492145120627,1492145120627,None,1492145120715,1492145120757,1492145120759,1492145120758,1492145124944,1492145124957,1492145131163,1492145131164,1492145131171
1492145225413,0,0,0,0,1492145225417,1492145225417,1492145225453,1492145225453,1492145225453,None,1492145225547,1492145225590,1492145225592,1492145225591,1492145229102,1492145229117,1492145237710,1492145237711,1492145237719
1492145325327,0,0,0,0,1492145325330,1492145325330,1492145325334,1492145325334,1492145325334,None,1492145325429,1492145325473,1492145325474,1492145325474,1492145326117,1492145326127,1492145336372,1492145336373,1492145336385
1492145428554,0,0,0,0,1492145428558,1492145428558,1492145428565,1492145428565,1492145428565,None,1492145428664,1492145428708,1492145428710,1492145428709,1492145429835,1492145429937,1492145437500,1492145437500,1492145437547
1492145533095,0,0,0,0,1492145533100,1492145533100,1492145535256,1492145535256,1492145535256,None,1492145535479,1492145535522,1492145535524,1492145535523,1492145536293,1492145536301,1492145542971,1492145542971,1492145543018
1492145644340,0,0,0,0,1492145644344,1492145644344,1492145644349,1492145644349,1492145644349,None,1492145644451,1492145644494,1492145644496,1492145644496,1492145645220,1492145645237,1492145654901,1492145654902,1492145654912
1492145745450,0,0,1492145745452,1492145745586,1492145745587,1492145745587,1492145745673,1492145745673,1492145745673,None,1492145745673,1492145745715,1492145745715,1492145745715,1492145745875,1492145745877,1492145753872,1492145753873,1492145753878
1492145865264,0,0,0,0,1492145865267,1492145865267,1492145865274,1492145865274,1492145865274,None,1492145865361,1492145865404,1492145865406,1492145865405,1492145866098,1492145866130,1492145877786,1492145877786,1492145877795
1492145964864,0,0,0,0,1492145964869,1492145964869,1492145964874,1492145964874,1492145964874,None,1492145964971,1492145965017,1492145965018,1492145965018,1492145968846,1492145968942,1492145977962,1492145977962,1492145977971
1492146073579,0,0,0,0,1492146073582,1492146073582,1492146073585,1492146073585,1492146073585,None,1492146073672,1492146073716,1492146073717,1492146073716,1492146074393,1492146074399,1492146085270,1492146085270,1492146085278
1492146223486,0,0,0,0,1492146223489,1492146223490,1492146223493,1492146223493,1492146223493,None,1492146223594,1492146223638,1492146223642,1492146223639,1492146227899,1492146227946,1492146238399,1492146238399,1492146238407
1492146321789,0,0,0,0,1492146321793,1492146321793,1492146321795,1492146321795,1492146321795,None,1492146321890,1492146321934,1492146321935,1492146321935,1492146322632,1492146322643,1492146329288,1492146329288,1492146329331
1492146427327,0,0,0,0,1492146427331,1492146427331,1492146427337,1492146427337,1492146427337,None,1492146427424,1492146427469,1492146427472,1492146427471,1492146430582,1492146430621,1492146438107,1492146438108,1492146438116
1492146523181,0,0,0,0,1492146523184,1492146523184,1492146523188,1492146523188,1492146523188,None,1492146523277,1492146523321,1492146523322,1492146523322,1492146524748,1492146524759,1492146533196,1492146533196,1492146533255
1492146622599,0,0,0,0,1492146622602,1492146622602,1492146622604,1492146622604,1492146622604,None,1492146622636,1492146622682,1492146622683,1492146622683,1492146626248,1492146626300,1492146631169,1492146631169,1492146631217
1492146711413,0,0,1492146711416,1492146711545,1492146711546,1492146711546,1492146711549,1492146711549,1492146711549,None,1492146711549,1492146711591,1492146711591,1492146711591,1492146711693,1492146711746,1492146716625,1492146716625,1492146716657
1492146799760,0,0,0,0,1492146799771,1492146799771,1492146799775,1492146799775,1492146799775,None,1492146799808,1492146799853,1492146799855,1492146799854,1492146803369,1492146803373,1492146808054,1492146808054,1492146808102
1492146898112,0,0,1492146898115,1492146899244,1492146899245,1492146899245,1492146899276,1492146899276,1492146899276,None,1492146899276,1492146899320,1492146899322,1492146900095,1492146900199,1492146900245,1492146904315,1492146904315,1492146904347
1492146989195,0,0,1492146989207,1492146989337,1492146989338,1492146989338,1492146989941,1492146989941,1492146989941,None,1492146989941,1492146989987,1492146989987,1492146990209,1492146990488,1492146990540,1492146995891,1492146995891,1492146995929
1492147089413,0,0,0,0,1492147089418,1492147089419,1492147089439,1492147089439,1492147089439,None,1492147089527,1492147089570,1492147089571,1492147089572,1492147092153,1492147092396,1492147098387,1492147098387,1492147098430
1492147190397,0,0,0,0,1492147190400,1492147190400,1492147190404,1492147190404,1492147190404,None,1492147190501,1492147190546,1492147190548,1492147190547,1492147193336,1492147193351,1492147197831,1492147197832,1492147197876
1492147295496,0,0,0,0,1492147295499,1492147295499,1492147295500,1492147295500,1492147295500,None,1492147295590,1492147295635,1492147295637,1492147295636,1492147298505,1492147298541,1492147304701,1492147304701,1492147304749
1492147390151,0,0,0,0,1492147390154,1492147390154,1492147390156,1492147390156,1492147390156,None,1492147390245,1492147390289,1492147390291,1492147390290,1492147391290,1492147391390,1492147397501,1492147397501,1492147397548
1492147493051,0,0,0,0,1492147493058,1492147493058,1492147493076,1492147493076,1492147493076,None,1492147493167,1492147493212,1492147493214,1492147493213,1492147494196,1492147494200,1492147505212,1492147505212,1492147505221
1492147602419,0,0,0,0,1492147602424,1492147602424,1492147602428,1492147602428,1492147602428,None,1492147602514,1492147602558,1492147602559,1492147602559,1492147603511,1492147603516,1492147614700,1492147614700,1492147614710
