link,navigationStart, unloadEventStart, unloadEventEnd, redirectStart, redirectEnd, fetchStart, domainLookupStart, domainLookupEnd, connectStart, connectEnd, secureConnectionStart, requestStart, responseStart, responseEnd, domLoading, domInteractive, domContentLoadedEventStart, domComplete, loadEventStart, loadEventEnd
1492198486937,0,0,0,0,1492198486940,1492198486940,1492198486945,1492198486945,1492198486945,None,1492198486956,1492198486960,1492198486966,1492198486961,1492198487011,1492198487136,1492198489869,1492198489869,1492198489942
1492198552059,0,0,0,0,1492198552063,1492198552063,1492198552063,1492198552063,1492198552063,None,1492198552075,1492198552079,1492198552086,1492198552081,1492198552125,1492198552273,1492198556641,1492198556641,1492198556741
1492198628248,0,0,0,0,1492198628252,1492198628253,1492198628253,1492198628253,1492198628253,None,1492198628264,1492198628269,1492198628274,1492198628269,1492198628485,1492198628492,1492198629155,1492198629156,1492198629161
1492198697063,0,0,0,0,1492198697066,1492198697066,1492198697071,1492198697071,1492198697071,None,1492198697082,1492198697085,1492198697093,1492198697086,1492198697132,1492198697212,1492198700122,1492198700122,1492198700194
1492198780142,0,0,0,0,1492198780147,1492198780147,1492198780171,1492198780171,1492198780171,None,1492198780182,1492198780186,1492198780191,1492198780187,1492198781291,1492198781299,1492198785051,1492198785051,1492198785069
1492198852367,0,0,0,0,1492198852371,1492198852371,1492198852375,1492198852375,1492198852375,None,1492198852386,1492198852390,1492198852397,1492198852392,1492198852443,1492198852578,1492198856448,1492198856448,1492198856512
1492198938573,0,0,0,0,1492198938578,1492198938579,1492198938584,1492198938584,1492198938584,None,1492198938591,1492198938595,1492198938600,1492198938597,1492198938834,1492198938843,1492198942150,1492198942150,1492198942155
1492199014012,0,0,0,0,1492199014015,1492199014015,1492199014019,1492199014019,1492199014019,None,1492199014030,1492199014033,1492199014041,1492199014034,1492199014173,1492199014212,1492199019487,1492199019487,1492199019639
1492199091896,0,0,0,0,1492199091901,1492199091901,1492199091903,1492199091903,1492199091903,None,1492199091914,1492199091917,1492199091924,1492199091918,1492199091981,1492199092160,1492199096085,1492199096085,1492199096160
1492199173478,0,0,0,0,1492199173481,1492199173481,1492199173482,1492199173482,1492199173482,None,1492199173494,1492199173497,1492199173503,1492199173497,1492199173561,1492199173675,1492199177593,1492199177593,1492199177658
1492199259383,0,0,0,0,1492199259386,1492199259386,1492199259387,1492199259387,1492199259387,None,1492199259399,1492199259402,1492199259408,1492199259407,1492199259619,1492199259691,1492199262543,1492199262543,1492199262553
1492199339968,0,0,0,0,1492199339971,1492199339988,1492199340010,1492199340010,1492199340011,None,1492199340020,1492199340025,1492199340033,1492199340027,1492199340073,1492199340185,1492199345800,1492199345800,1492199345898
1492199423032,0,0,0,0,1492199423036,1492199423036,1492199423038,1492199423038,1492199423038,None,1492199423048,1492199423051,1492199423056,1492199423059,1492199423284,1492199423293,1492199424165,1492199424165,1492199424170
1492199489414,0,0,0,0,1492199489417,1492199489417,1492199489441,1492199489441,1492199489441,None,1492199489453,1492199489457,1492199489464,1492199489458,1492199489507,1492199489673,1492199493426,1492199493426,1492199493485
1492199578624,0,0,0,0,1492199578637,1492199578637,1492199578640,1492199578640,1492199578640,None,1492199578649,1492199578654,1492199578660,1492199578655,1492199578873,1492199578878,1492199582632,1492199582632,1492199582639
1492199651520,0,0,0,0,1492199651525,1492199651525,1492199651528,1492199651528,1492199651528,None,1492199651538,1492199651542,1492199651549,1492199651544,1492199651599,1492199652030,1492199657238,1492199657238,1492199657322
1492199737179,0,0,0,0,1492199737184,1492199737184,1492199737197,1492199737197,1492199737197,None,1492199737200,1492199737203,1492199737209,1492199737204,1492199737389,1492199737433,1492199740526,1492199740526,1492199740531
1492199814549,0,0,0,0,1492199814551,1492199814552,1492199814553,1492199814553,1492199814553,None,1492199814564,1492199814568,1492199814575,1492199814569,1492199814618,1492199814699,1492199819628,1492199819628,1492199819731
1492199896534,0,0,0,0,1492199896536,1492199896536,1492199896538,1492199896538,1492199896538,None,1492199896548,1492199896551,1492199896557,1492199896553,1492199896778,1492199896785,1492199901049,1492199901049,1492199901055
1492199975540,0,0,0,0,1492199975543,1492199975543,1492199975548,1492199975548,1492199975548,None,1492199975558,1492199975567,1492199975574,1492199975568,1492199975610,1492199975742,1492199980667,1492199980667,1492199980736
1492200051361,0,0,0,0,1492200051375,1492200051375,1492200051381,1492200051381,1492200051381,None,1492200051389,1492200051395,1492200051402,1492200051396,1492200051433,1492200051519,1492200058063,1492200058063,1492200058133
1492200132080,0,0,0,0,1492200132085,1492200132085,1492200132091,1492200132091,1492200132091,None,1492200132101,1492200132106,1492200132113,1492200132111,1492200132350,1492200132354,1492200135064,1492200135064,1492200135070
1492200207717,0,0,0,0,1492200207720,1492200207720,1492200207723,1492200207723,1492200207723,None,1492200207735,1492200207739,1492200207745,1492200207739,1492200207800,1492200207952,1492200211716,1492200211716,1492200211788
1492200282469,0,0,0,0,1492200282474,1492200282474,1492200282477,1492200282477,1492200282477,None,1492200282487,1492200282492,1492200282498,1492200282493,1492200282741,1492200282748,1492200285412,1492200285412,1492200285418
1492200363748,0,0,0,0,1492200363753,1492200363753,1492200363758,1492200363758,1492200363758,None,1492200363765,1492200363770,1492200363776,1492200363776,1492200363810,1492200363876,1492200368018,1492200368018,1492200368085
1492200441927,0,0,0,0,1492200441930,1492200441930,1492200441937,1492200441937,1492200441937,None,1492200441948,1492200441954,1492200441959,1492200441955,1492200442225,1492200442236,1492200444790,1492200444790,1492200444795
1492200513711,0,0,0,0,1492200513723,1492200513723,1492200513727,1492200513727,1492200513727,None,1492200513734,1492200513738,1492200513744,1492200513738,1492200513772,1492200513812,1492200520283,1492200520283,1492200520352
1492200588633,0,0,0,0,1492200588637,1492200588637,1492200588638,1492200588638,1492200588638,None,1492200588649,1492200588653,1492200588658,1492200588653,1492200588908,1492200588957,1492200592403,1492200592403,1492200592409
1492200665341,0,0,0,0,1492200665354,1492200665354,1492200665358,1492200665358,1492200665358,None,1492200665366,1492200665371,1492200665379,1492200665372,1492200665417,1492200665550,1492200669255,1492200669255,1492200669328
1492200738774,0,0,0,0,1492200738778,1492200738778,1492200738781,1492200738781,1492200738781,None,1492200738790,1492200738794,1492200738800,1492200738802,1492200739023,1492200739031,1492200741990,1492200741990,1492200741995
1492200805619,0,0,0,0,1492200805634,1492200805634,1492200805638,1492200805638,1492200805638,None,1492200805645,1492200805649,1492200805656,1492200805650,1492200805692,1492200805809,1492200811930,1492200811930,1492200811990
1492200889291,0,0,0,0,1492200889294,1492200889294,1492200889295,1492200889295,1492200889295,None,1492200889307,1492200889322,1492200889329,1492200889323,1492200889373,1492200889553,1492200894641,1492200894641,1492200894731
1492200976354,0,0,0,0,1492200976368,1492200976368,1492200976373,1492200976373,1492200976373,None,1492200976379,1492200976385,1492200976390,1492200976386,1492200976597,1492200976605,1492200977400,1492200977400,1492200977406
1492201041995,0,0,0,0,1492201041997,1492201041997,1492201042018,1492201042018,1492201042018,None,1492201042029,1492201042033,1492201042040,1492201042034,1492201042072,1492201042169,1492201045019,1492201045019,1492201045093
1492201120703,0,0,0,0,1492201120705,1492201120705,1492201120706,1492201120706,1492201120706,None,1492201120717,1492201120722,1492201120727,1492201120722,1492201121007,1492201121018,1492201123733,1492201123733,1492201123739
1492201195291,0,0,0,0,1492201195294,1492201195294,1492201195295,1492201195295,1492201195295,None,1492201195305,1492201195308,1492201195315,1492201195309,1492201195361,1492201195430,1492201199188,1492201199188,1492201199277
1492201267716,0,0,0,0,1492201267719,1492201267719,1492201267720,1492201267720,1492201267720,None,1492201267731,1492201267735,1492201267740,1492201267737,1492201267955,1492201267966,1492201270950,1492201270950,1492201270955
1492201348049,0,0,0,0,1492201348052,1492201348052,1492201348065,1492201348065,1492201348065,None,1492201348077,1492201348080,1492201348087,1492201348081,1492201348122,1492201348287,1492201352763,1492201352763,1492201352832
1492201427729,0,0,0,0,1492201427731,1492201427731,1492201427736,1492201427736,1492201427736,None,1492201427746,1492201427750,1492201427756,1492201427752,1492201427791,1492201427918,1492201432797,1492201432797,1492201432867
1492201496835,0,0,0,0,1492201496839,1492201496839,1492201496839,1492201496839,1492201496839,None,1492201496856,1492201496860,1492201496866,1492201496860,1492201496903,1492201497073,1492201505483,1492201505483,1492201505563
1492201575964,0,0,0,0,1492201575968,1492201575968,1492201575982,1492201575982,1492201575982,None,1492201575983,1492201575986,1492201575991,1492201575988,1492201576247,1492201576255,1492201579414,1492201579414,1492201579420
1492201654977,0,0,0,0,1492201654991,1492201654992,1492201655033,1492201655033,1492201655033,None,1492201655044,1492201655050,1492201655057,1492201655053,1492201655105,1492201655360,1492201659623,1492201659623,1492201659725
1492201740075,0,0,0,0,1492201740077,1492201740077,1492201740079,1492201740079,1492201740079,None,1492201740089,1492201740093,1492201740098,1492201740094,1492201740276,1492201740318,1492201743714,1492201743714,1492201743720
1492201818163,0,0,0,0,1492201818165,1492201818165,1492201818970,1492201818970,1492201818970,None,1492201818981,1492201818985,1492201818992,1492201818986,1492201819025,1492201819047,1492201821456,1492201821456,1492201821513
1492201897794,0,0,0,0,1492201897798,1492201897798,1492201897804,1492201897804,1492201897804,None,1492201897814,1492201897817,1492201897824,1492201897821,1492201897863,1492201897902,1492201904454,1492201904454,1492201904520
1492201974076,0,0,0,0,1492201974079,1492201974079,1492201974100,1492201974100,1492201974100,None,1492201974110,1492201974114,1492201974121,1492201974115,1492201974162,1492201974310,1492201979299,1492201979299,1492201979363
1492202041217,0,0,0,0,1492202041220,1492202041220,1492202041221,1492202041221,1492202041221,None,1492202041233,1492202041270,1492202041282,1492202041271,1492202041304,1492202041339,1492202044756,1492202044756,1492202044822
1492202112972,0,0,0,0,1492202112979,1492202112980,1492202112981,1492202112981,1492202112981,None,1492202112992,1492202112998,1492202113006,1492202113001,1492202113045,1492202113110,1492202117695,1492202117695,1492202117767
1492202197397,0,0,0,0,1492202197413,1492202197413,1492202197418,1492202197418,1492202197418,None,1492202197425,1492202197429,1492202197434,1492202197430,1492202197672,1492202197704,1492202200657,1492202200657,1492202200663
1492202263537,0,0,0,0,1492202263541,1492202263541,1492202263552,1492202263552,1492202263552,None,1492202263560,1492202263564,1492202263571,1492202263574,1492202263613,1492202263673,1492202268497,1492202268497,1492202268586
1492202337451,0,0,0,0,1492202337462,1492202337462,1492202337467,1492202337467,1492202337467,None,1492202337478,1492202337481,1492202337486,1492202337483,1492202337694,1492202337745,1492202341145,1492202341145,1492202341151
1492202413775,0,0,0,0,1492202413780,1492202413780,1492202413780,1492202413780,1492202413780,None,1492202413796,1492202413800,1492202413807,1492202413802,1492202413848,1492202413947,1492202418768,1492202418768,1492202418850
1492202498089,0,0,0,0,1492202498092,1492202498092,1492202498117,1492202498117,1492202498117,None,1492202498128,1492202498135,1492202498141,1492202498136,1492202498352,1492202498361,1492202498966,1492202498966,1492202498973
1492202569984,0,0,0,0,1492202569988,1492202569988,1492202570007,1492202570007,1492202570007,None,1492202570018,1492202570021,1492202570028,1492202570022,1492202570064,1492202570182,1492202574142,1492202574142,1492202574209
1492202649337,0,0,0,0,1492202649348,1492202649348,1492202651353,1492202651353,1492202651353,None,1492202651365,1492202651370,1492202651377,1492202651372,1492202652336,1492202652359,1492202653450,1492202653450,1492202653455
1492202714932,0,0,1492202714935,1492202716958,1492202716959,1492202716959,1492202716959,1492202716959,1492202716959,None,1492202716962,1492202716965,1492202716972,1492202717399,1492202717431,1492202717485,1492202718595,1492202718595,1492202718663
1492202788975,0,0,0,0,1492202788979,1492202788980,1492202788982,1492202788982,1492202788982,None,1492202788991,1492202788995,1492202789001,1492202788998,1492202789086,1492202789186,1492202793599,1492202793599,1492202793606
1492202866460,0,0,0,0,1492202866463,1492202866463,1492202866466,1492202866466,1492202866466,None,1492202866475,1492202866479,1492202866485,1492202866485,1492202866718,1492202866722,1492202869490,1492202869490,1492202869496
1492202950249,0,0,0,0,1492202950254,1492202950254,1492202950278,1492202950278,1492202950278,None,1492202950288,1492202950293,1492202950300,1492202950294,1492202950361,1492202950493,1492202954710,1492202954710,1492202954773
1492203031404,0,0,0,0,1492203031407,1492203031407,1492203031408,1492203031408,1492203031408,None,1492203031418,1492203031422,1492203031427,1492203031423,1492203031644,1492203031650,1492203033573,1492203033573,1492203033579
1492203106379,0,0,0,0,1492203106382,1492203106382,1492203106383,1492203106383,1492203106383,None,1492203106394,1492203106419,1492203106426,1492203106420,1492203106459,1492203106633,1492203110196,1492203110196,1492203110268
1492203172665,0,0,0,0,1492203172669,1492203172669,1492203172673,1492203172673,1492203172673,None,1492203172681,1492203172685,1492203172691,1492203172689,1492203172739,1492203172831,1492203178080,1492203178080,1492203178158
1492203250973,0,0,0,0,1492203250976,1492203250976,1492203250977,1492203250977,1492203250977,None,1492203250988,1492203250993,1492203251000,1492203250994,1492203251039,1492203251187,1492203255246,1492203255246,1492203255332
1492203332493,0,0,0,0,1492203332502,1492203332502,1492203332504,1492203332504,1492203332504,None,1492203332514,1492203332517,1492203332524,1492203332520,1492203332614,1492203332725,1492203336751,1492203336751,1492203336773
1492203411592,0,0,0,0,1492203411595,1492203411595,1492203411600,1492203411600,1492203411600,None,1492203411611,1492203411614,1492203411621,1492203411615,1492203411675,1492203411833,1492203417870,1492203417870,1492203417967
1492203488416,0,0,0,0,1492203488420,1492203488420,1492203488427,1492203488427,1492203488427,None,1492203488435,1492203488440,1492203488446,1492203488445,1492203488713,1492203488730,1492203492089,1492203492089,1492203492096
1492203566400,0,0,0,0,1492203566404,1492203566404,1492203568430,1492203568430,1492203568431,None,1492203568444,1492203568449,1492203568456,1492203568450,1492203568494,1492203569177,1492203569684,1492203569684,1492203569686
1492203634968,0,0,0,0,1492203634971,1492203634971,1492203634976,1492203634976,1492203634976,None,1492203634985,1492203634989,1492203634995,1492203634990,1492203635049,1492203635215,1492203637616,1492203637616,1492203637704
1492203703237,0,0,0,0,1492203703240,1492203703240,1492203703243,1492203703243,1492203703243,None,1492203703254,1492203703260,1492203703266,1492203703261,1492203703311,1492203703427,1492203708433,1492203708433,1492203709056
1492203786601,0,0,0,0,1492203786615,1492203786615,1492203786620,1492203786620,1492203786620,None,1492203786630,1492203786634,1492203786640,1492203786635,1492203786851,1492203786860,1492203790644,1492203790644,1492203790653
1492203864917,0,0,0,0,1492203864920,1492203864920,1492203864944,1492203864944,1492203864944,None,1492203864955,1492203864961,1492203864968,1492203864963,1492203865008,1492203865227,1492203870586,1492203870586,1492203870682
1492203946421,0,0,0,0,1492203946424,1492203946424,1492203946428,1492203946428,1492203946428,None,1492203946439,1492203946443,1492203946449,1492203946444,1492203946686,1492203946695,1492203950430,1492203950430,1492203950435
1492204025486,0,0,0,0,1492204025489,1492204025489,1492204025492,1492204025492,1492204025492,None,1492204025503,1492204025509,1492204025516,1492204025510,1492204025600,1492204025660,1492204029023,1492204029023,1492204029103
1492204106057,0,0,0,0,1492204106060,1492204106060,1492204106101,1492204106101,1492204106101,None,1492204106112,1492204106115,1492204106121,1492204106116,1492204106349,1492204106358,1492204109081,1492204109081,1492204109086
1492204178756,0,0,0,0,1492204178760,1492204178760,1492204178760,1492204178760,1492204178760,None,1492204178778,1492204178783,1492204178790,1492204178786,1492204178831,1492204179037,1492204182981,1492204182981,1492204183068
1492204252605,0,0,0,0,1492204252618,1492204252618,1492204252622,1492204252622,1492204252622,None,1492204252633,1492204252637,1492204252643,1492204252638,1492204252875,1492204252879,1492204255682,1492204255682,1492204255688
1492204327566,0,0,0,0,1492204327572,1492204327572,1492204327582,1492204327582,1492204327582,None,1492204327590,1492204327595,1492204327600,1492204327599,1492204327627,1492204327662,1492204331071,1492204331071,1492204331104
1492204407045,0,0,0,0,1492204407048,1492204407048,1492204407049,1492204407049,1492204407049,None,1492204407060,1492204407065,1492204407070,1492204407065,1492204407276,1492204407325,1492204410706,1492204410706,1492204410712
1492204481440,0,0,0,0,1492204481443,1492204481443,1492204481448,1492204481448,1492204481448,None,1492204481460,1492204481464,1492204481472,1492204481465,1492204481533,1492204481662,1492204485252,1492204485252,1492204485380
1492204561911,0,0,0,0,1492204561924,1492204561924,1492204561928,1492204561928,1492204561928,None,1492204561936,1492204561940,1492204561945,1492204561944,1492204562172,1492204562181,1492204562768,1492204562768,1492204562773
1492204644487,0,0,0,0,1492204644502,1492204644502,1492204644527,1492204644527,1492204644527,None,1492204644538,1492204644542,1492204644548,1492204644543,1492204644591,1492204644716,1492204648803,1492204648803,1492204648881
1492204727777,0,0,0,0,1492204727781,1492204727781,1492204727781,1492204727781,1492204727781,None,1492204727796,1492204727802,1492204727808,1492204727803,1492204728031,1492204728060,1492204731648,1492204731648,1492204731653
1492204807429,0,0,0,0,1492204807432,1492204807432,1492204807436,1492204807436,1492204807436,None,1492204807448,1492204807452,1492204807460,1492204807453,1492204807504,1492204807618,1492204812484,1492204812484,1492204812570
1492204893444,0,0,0,0,1492204893446,1492204893446,1492204893450,1492204893450,1492204893450,None,1492204893461,1492204893468,1492204893474,1492204893469,1492204893698,1492204893709,1492204895741,1492204895741,1492204895748
1492204972376,0,0,0,0,1492204972386,1492204972386,1492204972391,1492204972391,1492204972391,None,1492204972403,1492204972406,1492204972414,1492204972407,1492204972452,1492204972646,1492204976937,1492204976937,1492204977016
1492205052538,0,0,0,0,1492205052542,1492205052542,1492205052545,1492205052545,1492205052545,None,1492205052555,1492205052559,1492205052567,1492205052575,1492205052629,1492205052847,1492205057049,1492205057049,1492205057167
1492205139582,0,0,0,0,1492205139585,1492205139585,1492205139589,1492205139589,1492205139589,None,1492205139601,1492205139604,1492205139610,1492205139605,1492205139845,1492205139874,1492205142562,1492205142562,1492205142568
1492205216407,0,0,0,0,1492205216410,1492205216410,1492205216414,1492205216414,1492205216414,None,1492205216425,1492205216430,1492205216437,1492205216432,1492205216491,1492205216650,1492205222182,1492205222182,1492205222277
1492205302412,0,0,0,0,1492205302414,1492205302415,1492205302419,1492205302419,1492205302419,None,1492205302430,1492205302435,1492205302441,1492205302436,1492205302671,1492205302677,1492205305556,1492205305556,1492205305563
1492205401363,0,0,1492205401366,1492205401466,1492205401467,1492205401467,1492205401467,1492205401467,1492205401467,None,1492205401720,1492205401762,1492205401763,1492205401762,1492205401867,1492205401915,1492205408885,1492205408885,1492205408916
1492205498102,0,0,0,0,1492205498104,1492205498104,1492205498108,1492205498108,1492205498108,None,1492205498168,1492205498211,1492205498212,1492205498212,1492205498768,1492205498772,1492205506336,1492205506336,1492205506381
1492205591947,0,0,0,0,1492205591953,1492205591953,1492205591985,1492205591985,1492205591985,None,1492205592105,1492205592150,1492205592152,1492205592151,1492205595132,1492205595160,1492205600665,1492205600665,1492205600710
1492205688550,0,0,0,0,1492205688553,1492205688553,1492205688554,1492205688554,1492205688554,None,1492205688612,1492205688655,1492205688657,1492205688658,1492205691424,1492205691525,1492205696470,1492205696470,1492205696515
1492205787707,0,0,0,0,1492205787712,1492205787712,1492205787716,1492205787716,1492205787716,None,1492205787779,1492205787829,1492205787830,1492205787830,1492205788741,1492205788747,1492205795020,1492205795020,1492205795064
1492205884695,0,0,0,0,1492205884698,1492205884698,1492205884700,1492205884700,1492205884700,None,1492205884734,1492205884780,1492205884782,1492205884781,1492205887470,1492205887586,1492205892075,1492205892075,1492205892125
1492205982576,0,0,0,0,1492205982578,1492205982579,1492205982579,1492205982579,1492205982579,None,1492205982670,1492205982714,1492205982715,1492205982715,1492205985063,1492205985170,1492205989858,1492205989858,1492205989901
1492206091762,0,0,0,0,1492206091765,1492206091765,1492206091771,1492206091771,1492206091771,None,1492206091803,1492206091846,1492206091848,1492206091847,1492206092539,1492206092544,1492206099645,1492206099646,1492206099693
1492206189348,0,0,0,0,1492206189351,1492206189351,1492206189352,1492206189352,1492206189352,None,1492206189388,1492206189430,1492206189433,1492206189431,1492206192028,1492206192034,1492206197459,1492206197459,1492206197504
1492206285129,0,0,0,0,1492206285132,1492206285132,1492206285133,1492206285133,1492206285133,None,1492206285168,1492206285210,1492206285211,1492206285211,1492206287377,1492206287474,1492206291941,1492206291941,1492206292000
1492206389050,0,0,0,0,1492206389052,1492206389053,1492206389056,1492206389056,1492206389056,None,1492206389137,1492206389180,1492206389182,1492206389181,1492206392322,1492206392328,1492206397074,1492206397075,1492206397120
1492206481392,0,0,0,0,1492206481397,1492206481397,1492206481418,1492206481418,1492206481418,None,1492206481475,1492206481520,1492206481522,1492206481521,1492206484722,1492206484762,1492206489280,1492206489281,1492206489324
1492206572180,0,0,0,0,1492206572183,1492206572184,1492206572187,1492206572187,1492206572187,None,1492206572219,1492206572262,1492206572264,1492206572263,1492206574857,1492206574860,1492206579827,1492206579827,1492206579879
1492206676671,0,0,0,0,1492206676675,1492206676675,1492206676679,1492206676679,1492206676679,None,1492206676724,1492206676767,1492206676768,1492206676768,1492206679081,1492206679093,1492206685233,1492206685233,1492206685277
1492206783033,0,0,0,0,1492206783036,1492206783036,1492206783041,1492206783041,1492206783041,None,1492206783144,1492206783600,1492206783607,1492206783601,1492206785846,1492206785862,1492206790581,1492206790582,1492206790634
1492206870252,0,0,0,0,1492206870257,1492206870257,1492206870264,1492206870264,1492206870264,None,1492206870322,1492206870375,1492206870379,1492206870376,1492206873453,1492206873555,1492206878229,1492206878229,1492206878294
1492206969489,0,0,1492206969492,1492206969589,1492206969590,1492206969590,1492206969590,1492206969590,1492206969590,None,1492206969976,1492206970019,1492206970020,1492206970020,1492206970175,1492206970181,1492206975215,1492206975215,1492206975247
1492207066937,0,0,0,0,1492207066941,1492207066941,1492207066958,1492207066958,1492207066958,None,1492207066983,1492207067029,1492207067030,1492207067030,1492207067892,1492207067914,1492207072814,1492207072814,1492207072863
1492207166776,0,0,0,0,1492207166780,1492207166780,1492207166874,1492207166874,1492207166874,None,1492207166906,1492207166952,1492207166954,1492207166953,1492207169512,1492207169523,1492207174963,1492207174964,1492207175018
1492207275624,0,0,0,0,1492207275631,1492207275631,1492207275633,1492207275633,1492207275633,None,1492207275669,1492207275716,1492207275718,1492207275717,1492207278150,1492207278273,1492207287498,1492207287499,1492207287507
1492207385156,0,0,0,0,1492207385161,1492207385161,1492207385164,1492207385164,1492207385164,None,1492207385208,1492207385252,1492207385254,1492207385256,1492207388321,1492207388435,1492207395469,1492207395469,1492207395481
1492207487165,0,0,0,0,1492207487168,1492207487168,1492207487169,1492207487169,1492207487169,None,1492207487212,1492207487254,1492207487256,1492207487255,1492207487950,1492207487954,1492207494778,1492207494778,1492207494827
1492207583266,0,0,0,0,1492207583269,1492207583269,1492207583272,1492207583272,1492207583272,None,1492207583315,1492207583359,1492207583361,1492207583361,1492207586582,1492207586613,1492207590164,1492207590164,1492207590210
1492207680508,0,0,0,0,1492207680510,1492207680511,1492207680514,1492207680514,1492207680514,None,1492207680559,1492207680605,1492207680606,1492207680606,1492207684862,1492207684887,1492207690074,1492207690075,1492207690081
1492207904814,0,0,0,0,1492207904817,1492207904817,1492207904818,1492207904818,1492207904818,None,1492207904863,1492207904912,1492207904913,1492207904913,1492207905553,1492207905556,1492207912015,1492207912015,1492207912060
1492208002201,0,0,0,0,1492208002204,1492208002204,1492208002209,1492208002209,1492208002209,None,1492208002272,1492208002315,1492208002317,1492208002317,1492208004981,1492208004990,1492208010678,1492208010678,1492208010724
1492208102743,0,0,0,0,1492208102746,1492208102746,1492208102747,1492208102747,1492208102747,None,1492208102790,1492208102837,1492208102838,1492208102838,1492208105360,1492208105460,1492208109077,1492208109077,1492208109124
1492208207988,0,0,0,0,1492208207992,1492208207992,1492208207993,1492208207993,1492208207993,None,1492208208110,1492208208156,1492208208157,1492208208157,1492208208724,1492208208729,1492208215113,1492208215113,1492208215157
1492208304105,0,0,0,0,1492208304108,1492208304108,1492208304111,1492208304111,1492208304111,None,1492208304155,1492208304207,1492208304209,1492208304208,1492208304867,1492208304872,1492208311883,1492208311883,1492208311931
1492208399699,0,0,0,0,1492208399715,1492208399715,1492208399719,1492208399719,1492208399719,None,1492208399752,1492208399795,1492208399797,1492208399796,1492208403170,1492208403279,1492208409249,1492208409249,1492208409295
1492208503497,0,0,0,0,1492208503500,1492208503500,1492208503503,1492208503503,1492208503503,None,1492208503557,1492208503600,1492208503602,1492208503601,1492208506233,1492208506245,1492208510691,1492208510691,1492208510738
1492208596922,0,0,1492208596934,1492208597010,1492208597011,1492208597011,1492208597011,1492208597011,1492208597011,None,1492208597932,1492208597980,1492208597980,1492208598061,1492208600478,1492208600542,1492208602608,1492208602608,1492208602640
1492208690394,0,0,0,0,1492208690397,1492208690397,1492208690398,1492208690398,1492208690398,None,1492208690466,1492208690512,1492208690513,1492208690512,1492208693278,1492208693303,1492208698631,1492208698631,1492208698679
1492208786064,0,0,1492208786069,1492208786877,1492208786910,1492208786910,1492208786913,1492208786913,1492208786913,None,1492208786913,1492208787000,1492208787002,1492208787003,1492208787159,1492208787162,1492208796358,1492208796358,1492208796370
1492208889644,0,0,0,0,1492208889647,1492208889647,1492208889648,1492208889648,1492208889648,None,1492208889685,1492208890308,1492208890433,1492208890309,1492208893790,1492208893806,1492208898644,1492208898645,1492208898691
1492208990709,0,0,0,0,1492208990713,1492208990713,1492208990716,1492208990716,1492208990716,None,1492208990746,1492208990798,1492208990800,1492208990800,1492208995043,1492208995069,1492208997494,1492208997495,1492208997594
1492209081483,0,0,0,0,1492209081486,1492209081486,1492209081491,1492209081491,1492209081491,None,1492209081580,1492209081623,1492209081624,1492209081633,1492209085220,1492209085244,1492209088084,1492209088084,1492209088188
1492209179368,0,0,1492209179371,1492209179504,1492209179513,1492209179513,1492209179976,1492209179976,1492209179976,None,1492209179976,1492209180019,1492209180020,1492209180020,1492209180136,1492209180187,1492209185218,1492209185218,1492209185250
1492209275180,0,0,0,0,1492209275182,1492209275183,1492209275183,1492209275183,1492209275183,None,1492209275407,1492209275451,1492209275452,1492209275452,1492209279616,1492209279643,1492209282943,1492209282944,1492209283049
1492209375106,0,0,0,0,1492209375112,1492209375112,1492209375116,1492209375116,1492209375116,None,1492209375193,1492209375238,1492209375240,1492209375240,1492209375809,1492209375813,1492209382706,1492209382706,1492209382749
1492209460985,0,0,0,0,1492209460988,1492209460988,1492209460989,1492209460989,1492209460989,None,1492209461022,1492209461066,1492209461067,1492209461067,1492209461756,1492209461761,1492209466973,1492209466973,1492209467017
1492209558548,0,0,1492209558552,1492209558687,1492209558688,1492209558688,1492209558688,1492209558688,1492209558688,None,1492209559343,1492209559386,1492209559387,1492209559436,1492209561738,1492209561748,1492209564180,1492209564180,1492209564225
1492209667658,0,0,0,0,1492209667670,1492209667670,1492209667671,1492209667671,1492209667671,None,1492209667978,1492209668022,1492209668025,1492209668023,1492209668675,1492209668679,1492209676500,1492209676500,1492209676544
1492209768306,0,0,0,0,1492209768312,1492209768312,1492209768316,1492209768316,1492209768316,None,1492209769367,1492209769410,1492209769411,1492209769411,1492209770967,1492209770971,1492209776283,1492209776283,1492209776326
1492209860037,0,0,0,0,1492209860045,1492209860046,1492209860049,1492209860049,1492209860049,None,1492209860131,1492209860175,1492209860176,1492209860176,1492209860878,1492209860896,1492209866652,1492209866652,1492209866700
1492209965180,0,0,0,0,1492209965183,1492209965183,1492209965197,1492209965197,1492209965197,None,1492209967931,1492209967973,1492209967976,1492209967974,1492209969188,1492209969218,1492209973302,1492209973303,1492209973307
1492210069219,0,0,0,0,1492210069222,1492210069222,1492210069227,1492210069227,1492210069227,None,1492210069261,1492210069308,1492210069310,1492210069309,1492210070085,1492210070091,1492210078288,1492210078289,1492210078339
1492210162804,0,0,0,0,1492210162808,1492210162808,1492210162809,1492210162809,1492210162809,None,1492210162869,1492210162913,1492210162914,1492210162914,1492210165568,1492210165583,1492210170793,1492210170793,1492210170839
1492210267539,0,0,0,0,1492210267543,1492210267543,1492210267549,1492210267549,1492210267549,None,1492210267596,1492210267637,1492210267640,1492210267638,1492210270991,1492210271033,1492210276820,1492210276820,1492210276874
1492210369386,0,0,0,0,1492210369390,1492210369390,1492210369392,1492210369392,1492210369392,None,1492210369429,1492210369472,1492210369474,1492210369473,1492210372110,1492210372124,1492210377151,1492210377151,1492210377202
1492210471548,0,0,0,0,1492210471552,1492210471552,1492210471553,1492210471553,1492210471553,None,1492210471588,1492210471631,1492210471632,1492210471632,1492210474461,1492210474463,1492210486347,1492210486348,1492210486354
1492210575849,0,0,0,0,1492210575852,1492210575852,1492210575856,1492210575856,1492210575856,None,1492210575923,1492210575972,1492210575973,1492210575974,1492210578195,1492210578221,1492210583012,1492210583012,1492210583056
1492210677510,0,0,0,0,1492210677514,1492210677514,1492210677517,1492210677517,1492210677517,None,1492210677666,1492210677709,1492210677711,1492210677710,1492210680855,1492210680867,1492210686237,1492210686237,1492210686284
1492210781139,0,0,0,0,1492210781141,1492210781142,1492210781147,1492210781147,1492210781147,None,1492210781182,1492210781224,1492210781225,1492210781225,1492210782062,1492210782071,1492210790569,1492210790569,1492210790616
1492210893499,0,0,0,0,1492210893503,1492210893503,1492210893506,1492210893506,1492210893506,None,1492210893605,1492210893648,1492210893651,1492210893650,1492210894246,1492210894252,1492210905141,1492210905141,1492210905151
1492210994497,0,0,0,0,1492210994504,1492210994504,1492210994519,1492210994519,1492210994519,None,1492210994605,1492210994648,1492210994649,1492210994649,1492210997797,1492210997800,1492211002516,1492211002516,1492211002560
1492211106190,0,0,0,0,1492211106194,1492211106194,1492211106226,1492211106226,1492211106226,None,1492211106272,1492211106317,1492211106318,1492211106318,1492211107019,1492211107025,1492211117037,1492211117037,1492211117045
1492211210297,0,0,1492211210299,1492211210385,1492211210386,1492211210386,1492211210389,1492211210389,1492211210389,None,1492211210389,1492211210430,1492211210431,1492211210430,1492211210581,1492211210583,1492211219053,1492211219054,1492211219062
1492211313899,0,0,0,0,1492211313902,1492211313902,1492211313907,1492211313907,1492211313907,None,1492211313961,1492211314004,1492211314006,1492211314005,1492211314808,1492211314813,1492211321879,1492211321879,1492211321923
1492211440839,0,0,0,0,1492211440842,1492211440843,1492211440843,1492211440843,1492211440843,None,1492211440903,1492211440945,1492211440950,1492211440946,1492211445490,1492211445604,1492211453211,1492211453211,1492211453219
1492211546990,0,0,0,0,1492211546993,1492211546993,1492211546996,1492211546996,1492211546996,None,1492211547039,1492211547087,1492211547088,1492211547088,1492211549504,1492211549597,1492211554695,1492211554695,1492211554740
1492211651453,0,0,1492211651465,1492211651547,1492211651548,1492211651548,1492211652234,1492211652234,1492211652234,None,1492211652234,1492211652278,1492211652278,1492211652500,1492211654906,1492211654916,1492211658402,1492211658402,1492211658434
1492211758158,0,0,0,0,1492211758160,1492211758161,1492211758166,1492211758166,1492211758166,None,1492211758199,1492211758243,1492211758244,1492211758244,1492211759911,1492211759914,1492211767485,1492211767485,1492211767528
1492211857817,0,0,0,0,1492211857820,1492211857820,1492211857821,1492211857821,1492211857821,None,1492211857911,1492211857955,1492211857956,1492211857956,1492211860529,1492211860543,1492211866031,1492211866031,1492211866080
1492211957495,0,0,0,0,1492211957500,1492211957500,1492211957502,1492211957502,1492211957502,None,1492211957555,1492211957600,1492211957601,1492211957601,1492211958855,1492211958866,1492211965226,1492211965226,1492211965271
1492212050058,0,0,0,0,1492212050061,1492212050061,1492212050064,1492212050064,1492212050064,None,1492212050115,1492212050159,1492212050160,1492212050162,1492212050709,1492212050729,1492212057944,1492212057944,1492212057990
1492212145043,0,0,0,0,1492212145056,1492212145056,1492212145069,1492212145069,1492212145069,None,1492212145139,1492212145179,1492212145181,1492212145181,1492212145677,1492212145694,1492212158143,1492212158143,1492212158153
1492212243285,0,0,0,0,1492212243288,1492212243289,1492212243295,1492212243295,1492212243295,None,1492212243333,1492212243378,1492212243380,1492212243379,1492212244477,1492212244484,1492212250184,1492212250184,1492212250227
1492212344207,0,0,0,0,1492212344211,1492212344211,1492212344216,1492212344216,1492212344216,None,1492212345308,1492212345350,1492212345351,1492212345351,1492212347671,1492212347685,1492212354352,1492212354352,1492212354406
1492212449532,0,0,0,0,1492212449535,1492212449535,1492212449538,1492212449538,1492212449538,None,1492212450578,1492212450622,1492212450624,1492212450624,1492212452962,1492212453032,1492212455287,1492212455287,1492212455327
1492212551972,0,0,0,0,1492212551974,1492212551975,1492212551978,1492212551978,1492212551978,None,1492212552022,1492212552593,1492212552598,1492212552594,1492212555125,1492212555136,1492212561290,1492212561290,1492212561337
1492212648797,0,0,0,0,1492212648800,1492212648800,1492212648802,1492212648802,1492212648802,None,1492212648925,1492212648968,1492212648970,1492212648969,1492212651220,1492212651446,1492212657990,1492212657990,1492212658036
1492212762264,0,0,0,0,1492212762276,1492212762276,1492212762280,1492212762280,1492212762280,None,1492212762350,1492212762392,1492212762393,1492212762393,1492212765176,1492212765215,1492212773602,1492212773602,1492212773610
1492212868278,0,0,0,0,1492212868281,1492212868281,1492212868282,1492212868282,1492212868282,None,1492212868329,1492212868373,1492212868374,1492212868374,1492212870511,1492212870611,1492212876600,1492212876600,1492212876644
1492212970849,0,0,0,0,1492212970855,1492212970855,1492212970870,1492212970870,1492212970870,None,1492212970901,1492212970943,1492212970944,1492212970944,1492212974215,1492212974231,1492212982023,1492212982023,1492212982072
1492213067208,0,0,0,0,1492213067212,1492213067212,1492213067218,1492213067218,1492213067218,None,1492213067273,1492213067319,1492213067321,1492213067320,1492213068201,1492213068254,1492213077022,1492213077022,1492213077029
1492213170341,0,0,0,0,1492213170347,1492213170347,1492213170352,1492213170352,1492213170352,None,1492213170448,1492213170495,1492213170497,1492213170496,1492213171419,1492213171446,1492213176895,1492213176896,1492213176941
1492213261030,0,0,0,0,1492213261035,1492213261035,1492213261050,1492213261050,1492213261050,None,1492213261158,1492213261215,1492213261217,1492213261216,1492213262127,1492213262144,1492213269362,1492213269362,1492213269410
1492213364687,0,0,1492213364690,1492213364772,1492213364773,1492213364773,1492213365102,1492213365102,1492213365102,None,1492213365102,1492213365146,1492213365146,1492213365147,1492213365303,1492213365305,1492213371177,1492213371177,1492213371218
1492213471004,0,0,0,0,1492213471008,1492213471008,1492213471012,1492213471012,1492213471012,None,1492213471102,1492213471145,1492213471147,1492213471147,1492213473601,1492213473797,1492213479908,1492213479908,1492213480100
1492213577290,0,0,0,0,1492213577300,1492213577300,1492213577304,1492213577304,1492213577304,None,1492213577337,1492213577380,1492213577382,1492213577381,1492213580444,1492213580542,1492213585018,1492213585019,1492213585063
1492213684007,0,0,1492213684010,1492213684092,1492213684094,1492213684094,1492213684509,1492213684509,1492213684509,None,1492213684509,1492213684555,1492213684555,1492213684556,1492213684706,1492213684708,1492213689293,1492213689293,1492213689331
1492213781243,0,0,0,0,1492213781247,1492213781247,1492213781260,1492213781260,1492213781260,None,1492213781295,1492213781369,1492213781373,1492213781370,1492213783892,1492213783897,1492213791875,1492213791875,1492213791928
1492213884223,0,0,0,0,1492213884226,1492213884226,1492213884228,1492213884228,1492213884228,None,1492213884316,1492213884609,1492213884610,1492213884610,1492213887371,1492213887389,1492213891514,1492213891514,1492213891561
1492213997466,0,0,0,0,1492213997471,1492213997471,1492213997489,1492213997489,1492213997489,None,1492213997594,1492213997638,1492213997639,1492213997639,1492213998549,1492213998575,1492214010051,1492214010052,1492214010061
1492214118433,0,0,0,0,1492214118436,1492214118436,1492214118440,1492214118440,1492214118440,None,1492214118525,1492214118572,1492214118573,1492214118573,1492214119264,1492214119270,1492214138554,1492214138554,1492214138564
1492214230558,0,0,1492214230561,1492214230667,1492214230668,1492214230668,1492214230668,1492214230668,1492214230668,None,1492214231375,1492214231431,1492214231431,1492214231622,1492214234089,1492214234101,1492214236781,1492214236781,1492214236814
1492214320798,0,0,0,0,1492214320801,1492214320801,1492214320803,1492214320803,1492214320803,None,1492214320899,1492214320942,1492214320944,1492214320943,1492214322150,1492214322154,1492214327656,1492214327657,1492214327709
1492214408313,0,0,0,0,1492214408324,1492214408324,1492214408328,1492214408328,1492214408328,None,1492214408371,1492214408412,1492214408413,1492214408413,1492214412259,1492214412309,1492214416642,1492214416642,1492214416688
1492214505347,0,0,0,0,1492214505351,1492214505351,1492214505354,1492214505354,1492214505354,None,1492214505401,1492214505449,1492214505451,1492214505450,1492214506492,1492214506508,1492214513933,1492214513934,1492214513980
1492214612190,0,0,0,0,1492214612193,1492214612193,1492214612201,1492214612201,1492214612201,None,1492214613230,1492214613276,1492214613279,1492214613277,1492214615556,1492214615586,1492214621257,1492214621257,1492214621304
1492214710225,0,0,0,0,1492214710228,1492214710229,1492214710230,1492214710230,1492214710230,None,1492214710274,1492214710318,1492214710319,1492214710319,1492214714023,1492214714053,1492214718035,1492214718035,1492214718139
1492214817583,0,0,0,0,1492214817593,1492214817593,1492214817597,1492214817597,1492214817597,None,1492214817644,1492214817689,1492214817690,1492214817690,1492214820978,1492214821087,1492214826057,1492214826058,1492214826101
1492214921874,0,0,0,0,1492214921877,1492214921877,1492214921882,1492214921882,1492214921882,None,1492214921988,1492214922033,1492214922035,1492214922034,1492214924733,1492214924846,1492214930734,1492214930734,1492214930779
1492215027333,0,0,0,0,1492215027337,1492215027337,1492215027342,1492215027342,1492215027342,None,1492215027428,1492215027473,1492215027474,1492215027474,1492215030480,1492215030493,1492215035296,1492215035296,1492215035339
1492215133743,0,0,0,0,1492215133746,1492215133747,1492215133750,1492215133750,1492215133750,None,1492215133796,1492215133837,1492215133839,1492215133838,1492215134466,1492215134470,1492215141966,1492215141966,1492215142023
1492215234344,0,0,0,0,1492215234347,1492215234347,1492215234348,1492215234348,1492215234348,None,1492215234395,1492215234441,1492215234442,1492215234442,1492215235330,1492215235346,1492215241894,1492215241895,1492215241939
1492215332395,0,0,0,0,1492215332400,1492215332400,1492215332417,1492215332417,1492215332417,None,1492215332450,1492215332493,1492215332496,1492215332494,1492215333428,1492215333433,1492215340704,1492215340704,1492215340751
1492215437584,0,0,0,0,1492215437589,1492215437589,1492215437614,1492215437614,1492215437614,None,1492215438699,1492215438742,1492215438743,1492215438743,1492215441449,1492215441453,1492215445979,1492215445979,1492215446042
1492215551226,0,0,0,0,1492215551239,1492215551239,1492215551243,1492215551243,1492215551243,None,1492215551284,1492215551327,1492215551329,1492215551328,1492215554424,1492215554447,1492215562036,1492215562036,1492215562046
1492215645700,0,0,0,0,1492215645705,1492215645705,1492215645718,1492215645718,1492215645718,None,1492215645745,1492215645788,1492215645789,1492215645789,1492215646551,1492215646555,1492215651988,1492215651988,1492215652049
1492215739018,0,0,0,0,1492215739021,1492215739021,1492215739026,1492215739026,1492215739026,None,1492215739132,1492215739178,1492215739180,1492215739179,1492215740153,1492215740158,1492215745699,1492215745700,1492215745746
1492215848890,0,0,0,0,1492215848899,1492215848899,1492215848901,1492215848901,1492215848901,None,1492215848938,1492215848982,1492215848984,1492215848983,1492215852519,1492215852540,1492215856091,1492215856091,1492215856151
1492215943284,0,0,0,0,1492215943295,1492215943295,1492215943300,1492215943300,1492215943300,None,1492215943333,1492215943377,1492215943379,1492215943378,1492215946732,1492215946764,1492215950900,1492215950901,1492215950950
1492216051930,0,0,0,0,1492216051933,1492216051933,1492216051934,1492216051934,1492216051934,None,1492216052066,1492216052109,1492216052111,1492216052111,1492216057362,1492216057393,1492216060034,1492216060034,1492216060137
1492216153965,0,0,0,0,1492216153971,1492216153971,1492216153994,1492216153994,1492216153994,None,1492216154027,1492216154070,1492216154071,1492216154071,1492216157512,1492216157536,1492216162601,1492216162601,1492216162703
1492216247227,0,0,0,0,1492216247230,1492216247230,1492216247232,1492216247232,1492216247232,None,1492216247281,1492216247336,1492216247337,1492216247337,1492216247906,1492216247936,1492216253885,1492216253885,1492216253929
1492216348825,0,0,0,0,1492216348828,1492216348828,1492216348830,1492216348830,1492216348830,None,1492216348917,1492216349352,1492216349353,1492216349353,1492216351581,1492216351585,1492216355561,1492216355561,1492216355606
1492216452878,0,0,1492216452882,1492216452983,1492216452985,1492216452985,1492216453706,1492216453706,1492216453706,None,1492216453706,1492216453751,1492216453751,1492216453995,1492216456169,1492216456178,1492216458805,1492216458805,1492216458838
1492216618398,0,0,0,0,1492216618401,1492216618401,1492216618412,1492216618412,1492216618412,None,1492216618499,1492216618545,1492216618547,1492216618546,1492216620993,1492216621028,1492216626094,1492216626094,1492216626141
1492216720977,0,0,0,0,1492216720982,1492216720982,1492216720986,1492216720986,1492216720986,None,1492216721025,1492216721068,1492216721070,1492216721069,1492216724042,1492216724139,1492216728814,1492216728814,1492216728862
1492216814798,0,0,0,0,1492216814801,1492216814801,1492216814805,1492216814805,1492216814805,None,1492216814897,1492216814951,1492216814953,1492216814952,1492216818088,1492216818114,1492216824861,1492216824862,1492216824872
1492216919350,0,0,0,0,1492216919353,1492216919353,1492216919355,1492216919355,1492216919355,None,1492216919447,1492216919492,1492216919494,1492216919493,1492216922428,1492216922445,1492216926542,1492216926542,1492216926587
1492217026172,0,0,1492217026175,1492217026303,1492217026304,1492217026304,1492217026699,1492217026699,1492217026699,None,1492217026699,1492217026744,1492217026744,1492217026745,1492217029066,1492217029080,1492217032730,1492217032730,1492217032762
1492217131757,0,0,0,0,1492217131760,1492217131760,1492217131765,1492217131765,1492217131765,None,1492217132142,1492217132187,1492217132188,1492217132708,1492217135741,1492217135760,1492217141106,1492217141106,1492217141153
1492217243352,0,0,0,0,1492217243355,1492217243356,1492217243386,1492217243386,1492217243386,None,1492217243466,1492217243511,1492217243512,1492217243512,1492217246496,1492217246613,1492217256229,1492217256230,1492217256241
1492217345661,0,0,0,0,1492217345666,1492217345666,1492217345675,1492217345675,1492217345675,None,1492217345717,1492217345761,1492217345762,1492217345762,1492217346762,1492217346768,1492217355002,1492217355002,1492217355043
1492217441859,0,0,0,0,1492217441862,1492217441862,1492217441863,1492217441863,1492217441863,None,1492217441943,1492217441988,1492217441989,1492217441989,1492217442586,1492217442603,1492217452050,1492217452051,1492217452061
1492217542405,0,0,0,0,1492217542408,1492217542408,1492217542409,1492217542409,1492217542409,None,1492217542447,1492217542490,1492217542492,1492217542492,1492217545662,1492217545756,1492217551291,1492217551291,1492217551353
1492217648659,0,0,0,0,1492217648664,1492217648664,1492217648671,1492217648671,1492217648671,None,1492217648764,1492217648805,1492217648806,1492217648806,1492217652445,1492217652504,1492217657084,1492217657084,1492217657133
1492217744864,0,0,0,0,1492217744868,1492217744868,1492217744898,1492217744898,1492217744898,None,1492217744930,1492217745419,1492217745444,1492217745651,1492217749913,1492217749937,1492217753652,1492217753652,1492217753759
1492217856658,0,0,0,0,1492217856661,1492217856661,1492217856662,1492217856662,1492217856662,None,1492217856699,1492217856743,1492217856745,1492217856744,1492217859695,1492217859708,1492217864442,1492217864442,1492217864493
1492217966257,0,0,0,0,1492217966260,1492217966260,1492217966269,1492217966269,1492217966269,None,1492217966304,1492217966349,1492217966351,1492217966350,1492217969078,1492217969124,1492217973214,1492217973214,1492217973266
1492218067947,0,0,0,0,1492218067949,1492218067949,1492218067954,1492218067954,1492218067954,None,1492218068119,1492218068164,1492218068165,1492218068165,1492218070931,1492218071050,1492218079355,1492218079355,1492218079365
1492218171693,0,0,1492218171700,1492218171781,1492218171782,1492218171782,1492218171784,1492218171784,1492218171784,None,1492218171784,1492218171829,1492218171829,1492218171830,1492218171986,1492218171988,1492218184795,1492218184795,1492218184808
1492218289221,0,0,0,0,1492218289224,1492218289232,1492218289264,1492218289264,1492218289266,None,1492218289541,1492218289584,1492218289586,1492218289585,1492218291330,1492218291349,1492218297716,1492218297716,1492218297762
1492218403892,0,0,0,0,1492218403897,1492218403897,1492218403900,1492218403900,1492218403900,None,1492218404005,1492218404049,1492218404051,1492218404050,1492218407926,1492218407985,1492218415753,1492218415753,1492218415764
1492218512845,0,0,0,0,1492218512860,1492218512860,1492218514873,1492218514873,1492218514873,None,1492218514915,1492218514959,1492218514960,1492218514960,1492218516406,1492218516409,1492218520258,1492218520258,1492218520317
1492218617935,0,0,0,0,1492218617949,1492218617949,1492218617954,1492218617954,1492218617954,None,1492218617995,1492218618040,1492218618041,1492218618041,1492218621568,1492218621583,1492218627339,1492218627339,1492218627386
1492218711178,0,0,0,0,1492218711190,1492218711190,1492218711195,1492218711195,1492218711195,None,1492218711231,1492218711275,1492218711277,1492218711277,1492218711898,1492218711949,1492218716206,1492218716206,1492218716250
1492218811843,0,0,0,0,1492218811846,1492218811846,1492218811846,1492218811846,1492218811846,None,1492218811881,1492218812349,1492218812351,1492218812350,1492218814541,1492218814562,1492218819088,1492218819088,1492218819164
1492218914294,0,0,0,0,1492218914297,1492218914297,1492218914302,1492218914302,1492218914302,None,1492218914337,1492218914382,1492218914384,1492218914384,1492218916919,1492218916957,1492218921163,1492218921164,1492218921228
1492219061273,0,0,0,0,1492219061281,1492219061281,1492219061289,1492219061289,1492219061289,None,1492219061329,1492219061372,1492219061373,1492219061373,1492219064729,1492219064758,1492219069167,1492219069167,1492219069283
1492219217027,0,0,0,0,1492219217030,1492219217030,1492219217031,1492219217031,1492219217031,None,1492219217071,1492219217116,1492219217118,1492219217118,1492219217677,1492219217691,1492219224793,1492219224793,1492219224843
1492219329446,0,0,1492219329449,1492219329610,1492219329611,1492219329611,1492219329701,1492219329701,1492219329701,None,1492219329701,1492219329746,1492219329746,1492219329747,1492219329864,1492219329913,1492219337767,1492219337767,1492219337777
1492219420994,0,0,1492219420997,1492219422131,1492219422132,1492219422132,1492219422326,1492219422326,1492219422326,None,1492219422326,1492219422370,1492219422370,1492219422792,1492219422953,1492219422956,1492219425388,1492219425389,1492219425421
1492219517709,0,0,0,0,1492219517712,1492219517712,1492219517713,1492219517713,1492219517713,None,1492219517753,1492219517800,1492219517802,1492219517801,1492219520481,1492219520504,1492219524912,1492219524912,1492219524970
1492219603517,0,0,0,0,1492219603534,1492219603534,1492219603539,1492219603539,1492219603539,None,1492219603572,1492219603615,1492219603616,1492219603616,1492219604204,1492219604224,1492219610681,1492219610681,1492219610725
1492219710071,0,0,0,0,1492219710074,1492219710074,1492219710074,1492219710074,1492219710074,None,1492219710111,1492219710156,1492219710157,1492219710157,1492219710814,1492219710828,1492219717572,1492219717572,1492219717617
1492219795446,0,0,0,0,1492219795449,1492219795450,1492219795452,1492219795452,1492219795452,None,1492219795484,1492219795528,1492219795529,1492219795529,1492219796441,1492219796449,1492219802707,1492219802707,1492219802770
1492219911976,0,0,0,0,1492219911979,1492219911979,1492219912785,1492219912785,1492219912786,None,1492219912874,1492219912918,1492219912920,1492219912919,1492219914169,1492219914300,1492219919978,1492219919978,1492219920023
1492220008931,0,0,0,0,1492220008934,1492220008934,1492220008936,1492220008936,1492220008936,None,1492220009024,1492220009088,1492220009090,1492220009089,1492220009707,1492220009711,1492220017372,1492220017372,1492220017418
1492220106328,0,0,0,0,1492220106332,1492220106333,1492220106334,1492220106334,1492220106334,None,1492220106366,1492220106411,1492220106413,1492220106412,1492220107307,1492220107343,1492220113836,1492220113836,1492220113883
1492220211752,0,0,0,0,1492220211755,1492220211755,1492220211757,1492220211757,1492220211757,None,1492220212787,1492220212832,1492220212833,1492220212833,1492220215154,1492220215260,1492220218490,1492220218490,1492220218626
1492220315701,0,0,0,0,1492220315704,1492220315704,1492220315712,1492220315712,1492220315712,None,1492220315761,1492220315806,1492220315808,1492220315807,1492220318953,1492220319067,1492220324162,1492220324162,1492220324206
1492220411123,0,0,0,0,1492220411126,1492220411126,1492220411126,1492220411126,1492220411126,None,1492220411206,1492220411248,1492220411251,1492220411249,1492220413500,1492220413512,1492220418403,1492220418403,1492220418468
1492220568395,0,0,0,0,1492220568399,1492220568399,1492220568402,1492220568402,1492220568402,None,1492220568442,1492220568484,1492220568487,1492220568485,1492220570218,1492220570242,1492220575761,1492220575761,1492220575808
1492220653794,0,0,0,0,1492220653797,1492220653797,1492220653798,1492220653798,1492220653798,None,1492220653842,1492220653886,1492220653887,1492220653887,1492220656666,1492220656692,1492220664337,1492220664337,1492220664349
1492220771033,0,0,0,0,1492220771036,1492220771036,1492220771037,1492220771037,1492220771037,None,1492220771073,1492220771121,1492220771122,1492220771122,1492220774313,1492220774342,1492220778140,1492220778140,1492220778252
1492220864897,0,0,0,0,1492220864903,1492220864903,1492220864916,1492220864916,1492220864916,None,1492220864998,1492220865042,1492220865043,1492220865043,1492220868419,1492220868446,1492220871991,1492220871991,1492220872099
1492220951035,0,0,0,0,1492220951039,1492220951039,1492220951040,1492220951040,1492220951040,None,1492220951140,1492220951189,1492220951190,1492220951190,1492220954098,1492220954125,1492220958632,1492220958632,1492220958677
1492221095810,0,0,0,0,1492221095813,1492221095813,1492221095814,1492221095814,1492221095814,None,1492221096902,1492221096947,1492221096948,1492221096948,1492221097995,1492221098000,1492221102643,1492221102643,1492221102684
1492221195758,0,0,0,0,1492221195762,1492221195762,1492221195763,1492221195763,1492221195763,None,1492221195800,1492221195848,1492221195849,1492221195849,1492221197929,1492221198048,1492221203258,1492221203258,1492221203302
1492221286639,0,0,0,0,1492221286644,1492221286644,1492221286658,1492221286658,1492221286658,None,1492221286699,1492221287136,1492221287137,1492221287137,1492221289809,1492221289819,1492221300020,1492221300020,1492221300032
1492221392029,0,0,0,0,1492221392034,1492221392034,1492221392060,1492221392060,1492221392060,None,1492221392195,1492221392242,1492221392244,1492221392244,1492221392844,1492221392849,1492221400499,1492221400499,1492221400544
1492221486874,0,0,1492221486877,1492221486969,1492221486970,1492221486970,1492221486989,1492221486989,1492221486989,None,1492221486989,1492221487033,1492221487033,1492221487034,1492221487179,1492221487184,1492221496264,1492221496264,1492221496273
1492221578282,0,0,0,0,1492221578287,1492221578287,1492221578300,1492221578300,1492221578300,None,1492221579336,1492221579378,1492221579380,1492221579380,1492221581084,1492221581182,1492221586195,1492221586195,1492221586246
1492221679607,0,0,0,0,1492221679611,1492221679611,1492221679620,1492221679620,1492221679620,None,1492221679717,1492221679761,1492221679763,1492221679763,1492221680248,1492221680269,1492221687146,1492221687146,1492221687191
1492221768672,0,0,0,0,1492221768674,1492221768674,1492221768678,1492221768678,1492221768678,None,1492221769725,1492221769773,1492221769775,1492221769774,1492221770775,1492221770784,1492221776070,1492221776071,1492221776115
1492221864060,0,0,0,0,1492221864069,1492221864069,1492221864072,1492221864072,1492221864072,None,1492221864210,1492221864254,1492221864258,1492221864255,1492221867605,1492221867646,1492221871349,1492221871350,1492221871404
1492221971881,0,0,0,0,1492221971884,1492221971884,1492221971901,1492221971901,1492221971901,None,1492221971926,1492221971970,1492221971971,1492221971971,1492221975688,1492221975725,1492221984519,1492221984519,1492221984528
1492222081846,0,0,0,0,1492222081849,1492222081849,1492222081853,1492222081853,1492222081853,None,1492222081941,1492222081987,1492222081988,1492222081988,1492222084978,1492222084994,1492222089513,1492222089513,1492222089561
1492222173244,0,0,0,0,1492222173249,1492222173249,1492222173258,1492222173258,1492222173258,None,1492222173311,1492222173353,1492222173355,1492222173354,1492222174439,1492222174442,1492222180277,1492222180277,1492222180320
1492222271574,0,0,0,0,1492222271576,1492222271577,1492222271578,1492222271578,1492222271578,None,1492222271624,1492222271679,1492222271681,1492222271680,1492222272416,1492222272424,1492222279366,1492222279367,1492222279413
1492222438198,0,0,0,0,1492222438202,1492222438202,1492222438219,1492222438219,1492222438219,None,1492222438245,1492222438291,1492222438292,1492222438292,1492222438876,1492222438888,1492222445931,1492222445931,1492222445977
1492222551462,0,0,0,0,1492222551476,1492222551476,1492222551486,1492222551486,1492222551486,None,1492222551521,1492222551566,1492222551568,1492222551769,1492222552894,1492222552918,1492222560876,1492222560876,1492222560931
1492222652736,0,0,0,0,1492222652739,1492222652739,1492222652745,1492222652745,1492222652745,None,1492222652787,1492222652839,1492222652842,1492222652840,1492222655581,1492222655696,1492222660673,1492222660673,1492222660730
1492222752341,0,0,0,0,1492222752343,1492222752343,1492222752344,1492222752344,1492222752344,None,1492222752386,1492222752429,1492222752431,1492222752430,1492222755049,1492222755149,1492222759227,1492222759227,1492222759272
1492222850685,0,0,0,0,1492222850689,1492222850689,1492222850694,1492222850694,1492222850694,None,1492222850737,1492222850781,1492222850787,1492222850782,1492222854052,1492222854224,1492222857752,1492222857752,1492222857806
1492222943889,0,0,0,0,1492222943892,1492222943892,1492222943896,1492222943896,1492222943896,None,1492222943945,1492222943986,1492222943988,1492222943987,1492222946376,1492222946387,1492222951350,1492222951350,1492222951417
1492223039469,0,0,0,0,1492223039472,1492223039472,1492223041478,1492223041478,1492223041480,None,1492223041522,1492223041564,1492223041566,1492223041565,1492223042611,1492223042699,1492223044105,1492223044105,1492223044106
1492223155682,0,0,0,0,1492223155685,1492223155685,1492223155707,1492223155707,1492223155707,None,1492223155752,1492223155797,1492223155798,1492223155798,1492223156434,1492223156439,1492223163345,1492223163345,1492223163388
1492223248000,0,0,0,0,1492223248003,1492223248003,1492223248009,1492223248009,1492223248009,None,1492223248060,1492223248103,1492223248104,1492223248104,1492223248852,1492223248863,1492223256060,1492223256060,1492223256110
1492223341840,0,0,0,0,1492223341842,1492223341842,1492223341843,1492223341843,1492223341843,None,1492223341879,1492223341923,1492223341924,1492223341924,1492223342533,1492223342540,1492223348935,1492223348935,1492223348983
1492223438216,0,0,0,0,1492223438222,1492223438222,1492223438236,1492223438236,1492223438236,None,1492223438270,1492223438317,1492223438320,1492223438318,1492223438886,1492223438907,1492223446632,1492223446632,1492223446678
1492223544875,0,0,0,0,1492223544879,1492223544879,1492223546886,1492223546886,1492223546886,None,1492223546934,1492223546979,1492223546980,1492223546980,1492223548457,1492223548477,1492223554089,1492223554089,1492223554136
1492223649017,0,0,0,0,1492223649021,1492223649021,1492223649025,1492223649025,1492223649025,None,1492223649084,1492223649126,1492223649128,1492223649127,1492223649758,1492223650100,1492223658258,1492223658258,1492223658327
1492223755068,0,0,0,0,1492223755071,1492223755071,1492223755099,1492223755099,1492223755099,None,1492223755219,1492223755266,1492223755269,1492223755267,1492223757876,1492223757891,1492223763572,1492223763572,1492223763621
1492223848605,0,0,0,0,1492223848618,1492223848619,1492223848623,1492223848623,1492223848623,None,1492223848670,1492223848715,1492223848716,1492223848716,1492223852016,1492223852062,1492223856784,1492223856784,1492223856829
1492223997073,0,0,0,0,1492223997076,1492223997076,1492223997077,1492223997077,1492223997077,None,1492223997111,1492223997237,1492223997238,1492223997238,1492223997975,1492223997984,1492224004490,1492224004490,1492224004537
1492224085250,0,0,0,0,1492224085253,1492224085253,1492224085254,1492224085254,1492224085254,None,1492224085300,1492224085346,1492224085347,1492224085347,1492224086291,1492224086297,1492224091557,1492224091557,1492224091603
1492224183317,0,0,0,0,1492224183320,1492224183320,1492224183325,1492224183325,1492224183325,None,1492224183372,1492224183417,1492224183419,1492224183418,1492224184679,1492224184683,1492224190159,1492224190159,1492224190207
1492224283308,0,0,0,0,1492224283311,1492224283311,1492224283313,1492224283313,1492224283313,None,1492224283361,1492224283404,1492224283406,1492224283405,1492224285816,1492224285901,1492224291098,1492224291099,1492224291146
1492224384181,0,0,0,0,1492224384188,1492224384188,1492224384194,1492224384194,1492224384194,None,1492224384248,1492224384290,1492224384291,1492224384291,1492224388169,1492224388194,1492224391716,1492224391716,1492224391817
1492224487493,0,0,0,0,1492224487497,1492224487497,1492224487505,1492224487505,1492224487505,None,1492224487546,1492224487588,1492224487590,1492224487589,1492224490641,1492224490814,1492224504102,1492224504103,1492224504111
1492224589425,0,0,1492224589428,1492224589511,1492224589512,1492224589512,1492224590182,1492224590182,1492224590182,None,1492224590182,1492224590225,1492224590225,1492224590300,1492224590665,1492224590674,1492224596104,1492224596104,1492224596134
1492224691797,0,0,0,0,1492224691800,1492224691800,1492224691802,1492224691802,1492224691804,None,1492224691860,1492224691904,1492224691906,1492224691906,1492224695345,1492224695349,1492224699908,1492224699908,1492224699952
1492224784246,0,0,0,0,1492224784249,1492224784249,1492224784252,1492224784252,1492224784252,None,1492224784304,1492224784350,1492224784351,1492224784351,1492224786539,1492224786638,1492224792446,1492224792447,1492224792493
1492224879690,0,0,0,0,1492224879693,1492224879693,1492224879694,1492224879694,1492224879694,None,1492224879790,1492224879834,1492224879835,1492224879835,1492224880508,1492224880521,1492224890619,1492224890620,1492224890629
1492224981926,0,0,0,0,1492224981936,1492224981936,1492224981940,1492224981940,1492224981940,None,1492224981975,1492224982021,1492224982023,1492224982022,1492224982865,1492224982874,1492224990261,1492224990262,1492224990307
1492225070126,0,0,0,0,1492225070131,1492225070131,1492225070146,1492225070146,1492225070146,None,1492225070207,1492225070657,1492225070658,1492225071034,1492225072532,1492225072635,1492225078186,1492225078186,1492225078230
1492225164689,0,0,0,0,1492225164692,1492225164692,1492225164694,1492225164694,1492225164694,None,1492225164814,1492225164859,1492225164859,1492225164860,1492225167064,1492225167070,1492225171793,1492225171793,1492225171851
1492225255963,0,0,0,0,1492225255966,1492225255966,1492225255971,1492225255971,1492225255971,None,1492225256033,1492225256079,1492225256082,1492225256080,1492225258671,1492225258723,1492225264205,1492225264205,1492225264256
1492225353687,0,0,0,0,1492225353699,1492225353699,1492225353705,1492225353705,1492225353705,None,1492225353737,1492225353780,1492225353782,1492225353781,1492225354363,1492225354378,1492225360298,1492225360299,1492225360347
1492225443433,0,0,0,0,1492225443436,1492225443436,1492225443437,1492225443437,1492225443437,None,1492225443488,1492225443557,1492225443559,1492225443559,1492225445823,1492225445923,1492225451132,1492225451132,1492225451179
1492225539965,0,0,0,0,1492225539968,1492225539968,1492225539984,1492225539984,1492225539984,None,1492225540046,1492225540529,1492225540530,1492225540530,1492225545712,1492225545738,1492225547213,1492225547213,1492225547309
1492225646497,0,0,0,0,1492225646500,1492225646500,1492225646508,1492225646508,1492225646508,None,1492225646547,1492225646589,1492225646592,1492225646590,1492225648641,1492225648746,1492225654059,1492225654059,1492225654109
1492225749341,0,0,0,0,1492225749344,1492225749344,1492225749349,1492225749349,1492225749349,None,1492225749437,1492225749479,1492225749480,1492225749480,1492225752684,1492225752699,1492225757664,1492225757664,1492225757707
1492225855370,0,0,0,0,1492225855372,1492225855373,1492225857381,1492225857382,1492225857383,None,1492225857444,1492225857489,1492225857490,1492225857490,1492225858301,1492225858308,1492225861394,1492225861394,1492225861395
1492225950826,0,0,0,0,1492225950829,1492225950829,1492225950830,1492225950830,1492225950830,None,1492225950919,1492225950964,1492225950966,1492225950965,1492225951616,1492225951624,1492225958706,1492225958706,1492225958758
1492226055296,0,0,0,0,1492226055305,1492226055305,1492226055322,1492226055322,1492226055322,None,1492226055360,1492226055406,1492226055408,1492226055407,1492226058161,1492226058405,1492226064259,1492226064259,1492226064304
1492226153086,0,0,0,0,1492226153090,1492226153090,1492226153099,1492226153099,1492226153099,None,1492226153177,1492226153224,1492226153227,1492226153225,1492226157521,1492226157567,1492226165905,1492226165906,1492226165914
1492226256381,0,0,0,0,1492226256384,1492226256384,1492226256419,1492226256419,1492226256419,None,1492226256469,1492226256513,1492226256516,1492226256514,1492226259138,1492226259230,1492226269734,1492226269734,1492226269742
1492226363389,0,0,0,0,1492226363391,1492226363392,1492226363396,1492226363396,1492226363396,None,1492226363446,1492226363489,1492226363490,1492226363490,1492226364403,1492226364419,1492226370961,1492226370961,1492226371007
1492226470283,0,0,0,0,1492226470285,1492226470286,1492226470291,1492226470291,1492226470291,None,1492226470338,1492226470381,1492226470382,1492226470382,1492226472884,1492226472889,1492226483352,1492226483353,1492226483361
1492226572052,0,0,0,0,1492226572054,1492226572055,1492226572059,1492226572059,1492226572059,None,1492226572109,1492226572154,1492226572156,1492226572155,1492226572753,1492226572777,1492226584975,1492226584976,1492226584984
1492226678103,0,0,0,0,1492226678106,1492226678106,1492226678109,1492226678109,1492226678109,None,1492226678208,1492226678254,1492226678256,1492226678255,1492226680835,1492226680878,1492226685885,1492226685886,1492226685939
1492226774822,0,0,0,0,1492226774825,1492226774825,1492226774828,1492226774828,1492226774828,None,1492226774954,1492226774997,1492226774999,1492226774998,1492226778603,1492226778635,1492226782499,1492226782499,1492226782612
1492226881303,0,0,0,0,1492226881306,1492226881306,1492226881309,1492226881309,1492226881309,None,1492226881349,1492226881391,1492226881393,1492226881392,1492226883472,1492226883593,1492226891188,1492226891188,1492226891200
1492227022958,0,0,1492227022962,1492227023077,1492227023078,1492227023078,1492227023750,1492227023750,1492227023750,None,1492227023750,1492227023798,1492227023798,1492227023798,1492227025956,1492227026006,1492227030187,1492227030187,1492227030223
1492227109786,0,0,0,0,1492227109793,1492227109794,1492227109798,1492227109798,1492227109798,None,1492227109834,1492227109887,1492227109888,1492227109888,1492227110725,1492227110742,1492227122634,1492227122634,1492227122647
1492227212521,0,0,0,0,1492227212523,1492227212524,1492227212527,1492227212527,1492227212527,None,1492227212559,1492227212605,1492227212606,1492227212606,1492227213379,1492227213384,1492227220876,1492227220876,1492227220917
1492227310843,0,0,0,0,1492227310846,1492227310847,1492227310850,1492227310850,1492227310850,None,1492227310890,1492227310933,1492227310936,1492227310934,1492227313605,1492227313656,1492227319533,1492227319533,1492227319585
1492227416459,0,0,0,0,1492227416462,1492227416462,1492227416464,1492227416464,1492227416464,None,1492227416524,1492227416568,1492227416571,1492227416569,1492227419736,1492227419767,1492227424663,1492227424664,1492227424749
1492227501950,0,0,0,0,1492227501953,1492227501953,1492227501956,1492227501956,1492227501956,None,1492227502000,1492227502064,1492227502064,1492227502070,1492227503014,1492227503187,1492227508141,1492227508142,1492227508194
1492227600807,0,0,0,0,1492227600810,1492227600810,1492227600847,1492227600847,1492227600847,None,1492227600888,1492227600932,1492227600934,1492227600933,1492227601526,1492227601530,1492227612233,1492227612234,1492227612242
1492227702694,0,0,0,0,1492227702710,1492227702710,1492227702715,1492227702715,1492227702715,None,1492227702766,1492227702808,1492227702809,1492227702810,1492227705070,1492227705077,1492227709998,1492227709998,1492227710049
1492227798629,0,0,0,0,1492227798632,1492227798632,1492227798633,1492227798633,1492227798633,None,1492227798668,1492227798713,1492227798717,1492227798714,1492227802706,1492227802748,1492227812576,1492227812578,1492227812592
1492227907032,0,0,0,0,1492227907035,1492227907035,1492227907040,1492227907040,1492227907040,None,1492227907088,1492227907133,1492227907134,1492227907134,1492227908095,1492227908100,1492227913965,1492227913965,1492227914008
1492227993362,0,0,0,0,1492227993365,1492227993365,1492227993400,1492227993400,1492227993400,None,1492227993438,1492227993490,1492227993492,1492227993491,1492227994071,1492227994082,1492228001254,1492228001255,1492228001300
1492228089138,0,0,0,0,1492228089149,1492228089149,1492228089150,1492228089150,1492228089150,None,1492228089221,1492228089268,1492228089269,1492228089269,1492228090148,1492228090156,1492228097080,1492228097080,1492228097126
1492228184725,0,0,0,0,1492228184729,1492228184729,1492228184730,1492228184730,1492228184730,None,1492228185224,1492228185267,1492228185268,1492228185268,1492228185865,1492228185873,1492228193290,1492228193290,1492228193334
1492228279464,0,0,0,0,1492228279467,1492228279468,1492228279471,1492228279471,1492228279471,None,1492228279508,1492228279573,1492228279575,1492228279583,1492228282646,1492228282804,1492228287600,1492228287601,1492228287664
1492228373331,0,0,0,0,1492228373335,1492228373335,1492228373340,1492228373340,1492228373340,None,1492228373393,1492228373440,1492228373442,1492228373441,1492228374424,1492228374450,1492228389888,1492228389888,1492228389896
1492228479089,0,0,1492228479092,1492228479200,1492228479201,1492228479201,1492228479201,1492228479201,1492228479201,None,1492228479495,1492228479548,1492228479548,1492228479548,1492228479655,1492228479708,1492228483317,1492228483317,1492228483350
1492228579816,0,0,0,0,1492228579820,1492228579821,1492228579846,1492228579846,1492228579848,None,1492228579888,1492228580527,1492228580530,1492228580583,1492228583618,1492228583623,1492228588282,1492228588282,1492228588334
1492228687424,0,0,0,0,1492228687427,1492228687427,1492228687430,1492228687430,1492228687430,None,1492228687468,1492228687512,1492228687514,1492228687513,1492228690119,1492228690137,1492228696296,1492228696296,1492228696339
1492228795729,0,0,0,0,1492228795733,1492228795733,1492228795736,1492228795736,1492228795736,None,1492228795769,1492228795812,1492228795813,1492228795813,1492228798215,1492228798231,1492228802696,1492228802696,1492228802741
1492228899420,0,0,0,0,1492228899425,1492228899425,1492228899429,1492228899429,1492228899429,None,1492228899488,1492228899543,1492228899545,1492228899544,1492228902938,1492228902951,1492228908809,1492228908810,1492228908852
1492229003960,0,0,1492229003963,1492229004067,1492229004068,1492229004068,1492229004518,1492229004518,1492229004518,None,1492229004518,1492229004561,1492229004561,1492229004562,1492229006891,1492229006963,1492229010249,1492229010249,1492229010282
1492229104350,0,0,1492229104354,1492229104446,1492229104447,1492229104447,1492229104869,1492229104869,1492229104869,None,1492229104869,1492229104912,1492229104912,1492229104913,1492229105020,1492229105080,1492229110416,1492229110417,1492229110450
1492229206054,0,0,0,0,1492229206058,1492229206058,1492229206061,1492229206061,1492229206061,None,1492229206199,1492229206242,1492229206243,1492229206243,1492229208464,1492229208472,1492229212426,1492229212427,1492229212469
1492229302124,0,0,0,0,1492229302127,1492229302127,1492229302127,1492229302127,1492229302127,None,1492229302240,1492229302284,1492229302285,1492229302285,1492229302844,1492229302867,1492229309747,1492229309748,1492229309807
1492229400515,0,0,0,0,1492229400519,1492229400519,1492229400523,1492229400523,1492229400523,None,1492229400594,1492229400638,1492229400640,1492229400639,1492229401376,1492229401382,1492229406541,1492229406541,1492229406582
1492229506060,0,0,0,0,1492229506075,1492229506075,1492229506083,1492229506083,1492229506083,None,1492229506201,1492229506245,1492229506247,1492229506246,1492229509348,1492229509358,1492229515852,1492229515852,1492229515898
1492229610741,0,0,0,0,1492229610744,1492229610744,1492229610745,1492229610745,1492229610745,None,1492229610797,1492229610840,1492229610842,1492229610841,1492229613369,1492229613480,1492229623538,1492229623539,1492229623549
1492229703882,0,0,0,0,1492229703885,1492229703885,1492229703886,1492229703886,1492229703886,None,1492229703921,1492229703965,1492229703967,1492229703966,1492229704753,1492229704760,1492229711526,1492229711526,1492229711571
1492229804611,0,0,0,0,1492229804614,1492229804614,1492229804622,1492229804622,1492229804622,None,1492229804762,1492229804806,1492229804807,1492229804807,1492229807346,1492229807356,1492229812127,1492229812128,1492229812185
1492229911033,0,0,0,0,1492229911037,1492229911037,1492229911049,1492229911049,1492229911049,None,1492229911087,1492229911129,1492229911149,1492229911131,1492229914215,1492229914338,1492229919476,1492229919476,1492229919521
1492230023852,0,0,0,0,1492230023855,1492230023856,1492230023860,1492230023860,1492230023861,None,1492230023907,1492230023956,1492230023960,1492230023957,1492230029299,1492230029327,1492230042082,1492230042082,1492230042090
1492230130048,0,0,0,0,1492230130051,1492230130051,1492230130056,1492230130056,1492230130056,None,1492230130100,1492230130141,1492230130143,1492230130142,1492230133059,1492230133170,1492230137503,1492230137504,1492230137549
1492230242066,0,0,1492230242069,1492230242224,1492230242225,1492230242225,1492230242225,1492230242225,1492230242225,None,1492230242298,1492230242344,1492230242344,1492230242344,1492230242522,1492230242531,1492230247988,1492230247989,1492230248021
1492230342563,0,0,0,0,1492230342566,1492230342566,1492230342568,1492230342568,1492230342568,None,1492230342604,1492230342650,1492230342652,1492230342651,1492230345531,1492230345545,1492230350915,1492230350915,1492230350966
1492230445905,0,0,0,0,1492230445908,1492230445908,1492230445911,1492230445911,1492230445911,None,1492230445977,1492230446023,1492230446023,1492230446024,1492230448509,1492230448596,1492230454388,1492230454388,1492230454431
1492230547110,0,0,0,0,1492230547113,1492230547113,1492230547118,1492230547118,1492230547118,None,1492230547176,1492230547217,1492230547219,1492230547218,1492230550237,1492230550364,1492230555200,1492230555200,1492230555244
1492230646175,0,0,0,0,1492230646180,1492230646180,1492230646187,1492230646187,1492230646187,None,1492230646284,1492230646329,1492230646336,1492230646330,1492230649139,1492230649234,1492230653771,1492230653771,1492230653819
1492230745930,0,0,0,0,1492230745933,1492230745933,1492230745937,1492230745937,1492230745937,None,1492230746248,1492230746292,1492230746294,1492230746293,1492230749419,1492230749454,1492230754942,1492230754942,1492230755003
1492230855525,0,0,0,0,1492230855528,1492230855528,1492230855533,1492230855533,1492230855533,None,1492230855583,1492230855626,1492230855628,1492230855627,1492230858948,1492230859050,1492230863368,1492230863369,1492230863426
1492230971277,0,0,0,0,1492230971279,1492230971280,1492230971281,1492230971281,1492230971281,None,1492230971327,1492230971372,1492230971375,1492230971373,1492230976184,1492230976224,1492230988034,1492230988034,1492230988043
1492231083241,0,0,0,0,1492231083245,1492231083245,1492231083250,1492231083250,1492231083250,None,1492231083298,1492231083342,1492231083344,1492231083343,1492231084045,1492231084051,1492231091502,1492231091502,1492231091546
1492231191529,0,0,0,0,1492231191531,1492231191532,1492231191556,1492231191556,1492231191556,None,1492231191603,1492231191646,1492231191647,1492231191647,1492231194470,1492231194581,1492231198887,1492231198887,1492231198949
1492231300470,0,0,0,0,1492231300473,1492231300474,1492231300475,1492231300475,1492231300475,None,1492231300521,1492231300565,1492231300566,1492231300566,1492231302854,1492231302974,1492231307694,1492231307694,1492231307737
1492231408828,0,0,0,0,1492231408831,1492231408831,1492231408832,1492231408832,1492231408832,None,1492231408875,1492231408919,1492231408920,1492231408920,1492231411501,1492231411520,1492231419196,1492231419197,1492231419207
1492231514256,0,0,1492231514259,1492231514396,1492231514397,1492231514397,1492231514824,1492231514824,1492231514824,None,1492231514824,1492231514874,1492231514874,1492231514874,1492231515040,1492231515043,1492231519913,1492231519913,1492231519948
1492231608342,0,0,0,0,1492231608344,1492231608344,1492231608345,1492231608345,1492231608345,None,1492231608408,1492231608862,1492231608863,1492231608863,1492231610635,1492231610723,1492231617127,1492231617127,1492231617173
1492231708694,0,0,0,0,1492231708702,1492231708702,1492231708707,1492231708707,1492231708707,None,1492231708758,1492231708801,1492231708802,1492231708802,1492231712018,1492231712114,1492231716599,1492231716599,1492231716647
1492231809257,0,0,0,0,1492231809259,1492231809259,1492231809260,1492231809260,1492231809260,None,1492231809304,1492231809350,1492231809351,1492231809351,1492231810039,1492231810044,1492231816637,1492231816637,1492231816681
1492231909043,0,0,0,0,1492231909050,1492231909050,1492231909053,1492231909053,1492231909053,None,1492231909100,1492231909144,1492231909145,1492231909145,1492231912535,1492231912655,1492231918046,1492231918046,1492231918095
1492232007591,0,0,0,0,1492232007594,1492232007594,1492232007598,1492232007598,1492232007598,None,1492232007644,1492232007687,1492232007689,1492232007689,1492232008263,1492232008279,1492232014613,1492232014614,1492232014658
1492232110001,0,0,0,0,1492232110004,1492232110004,1492232110004,1492232110004,1492232110004,None,1492232110047,1492232110091,1492232110092,1492232110092,1492232110694,1492232110699,1492232118040,1492232118040,1492232118083
1492232214144,0,0,0,0,1492232214146,1492232214147,1492232214201,1492232214201,1492232214201,None,1492232214245,1492232214289,1492232214290,1492232214290,1492232217396,1492232217700,1492232222136,1492232222136,1492232222180
1492232315564,0,0,0,0,1492232315567,1492232315567,1492232315569,1492232315569,1492232315569,None,1492232315616,1492232316101,1492232316102,1492232316102,1492232317687,1492232317699,1492232322682,1492232322682,1492232322730
1492232413619,0,0,0,0,1492232413623,1492232413623,1492232413640,1492232413640,1492232413640,None,1492232413721,1492232413766,1492232413767,1492232413767,1492232414345,1492232414362,1492232422812,1492232422812,1492232422857
1492232514155,0,0,0,0,1492232514158,1492232514158,1492232514160,1492232514160,1492232514160,None,1492232514268,1492232514748,1492232514749,1492232514749,1492232517289,1492232517298,1492232522084,1492232522085,1492232522133
1492232614403,0,0,1492232614406,1492232616504,1492232616505,1492232616505,1492232616505,1492232616505,1492232616505,None,1492232616507,1492232616554,1492232616554,1492232617213,1492232617374,1492232617377,1492232620787,1492232620787,1492232620819
1492232709029,0,0,0,0,1492232709033,1492232709033,1492232709034,1492232709034,1492232709034,None,1492232709089,1492232709132,1492232709134,1492232709133,1492232710526,1492232710554,1492232717021,1492232717021,1492232717066
1492232804284,0,0,0,0,1492232804287,1492232804287,1492232804292,1492232804292,1492232804292,None,1492232804337,1492232804382,1492232804384,1492232804383,1492232805233,1492232805250,1492232811496,1492232811496,1492232811548
1492232902993,0,0,0,0,1492232902996,1492232902996,1492232903000,1492232903000,1492232903000,None,1492232903044,1492232903086,1492232903088,1492232903087,1492232905944,1492232905980,1492232911663,1492232911663,1492232911711
1492232999544,0,0,0,0,1492232999547,1492232999547,1492232999549,1492232999549,1492232999549,None,1492232999582,1492233000053,1492233000054,1492233000280,1492233003881,1492233003915,1492233008006,1492233008006,1492233008120
1492233109150,0,0,0,0,1492233109155,1492233109155,1492233109171,1492233109171,1492233109171,None,1492233109211,1492233109255,1492233109257,1492233109256,1492233109837,1492233109847,1492233117821,1492233117821,1492233117872
1492233204686,0,0,0,0,1492233204691,1492233204691,1492233204704,1492233204704,1492233204704,None,1492233204736,1492233204781,1492233204782,1492233204782,1492233207480,1492233207589,1492233211929,1492233211930,1492233211970
1492233301266,0,0,0,0,1492233301269,1492233301269,1492233301273,1492233301273,1492233301273,None,1492233301325,1492233301367,1492233301368,1492233301368,1492233301922,1492233301949,1492233308043,1492233308043,1492233308087
1492233403283,0,0,0,0,1492233403287,1492233403287,1492233403288,1492233403288,1492233403288,None,1492233403335,1492233403378,1492233403379,1492233403379,1492233405556,1492233405679,1492233410290,1492233410290,1492233410333
1492233510146,0,0,0,0,1492233510149,1492233510149,1492233510153,1492233510153,1492233510153,None,1492233510297,1492233510343,1492233510345,1492233510344,1492233513106,1492233513119,1492233518178,1492233518178,1492233518228
1492233622219,0,0,0,0,1492233622224,1492233622224,1492233622257,1492233622257,1492233622257,None,1492233622315,1492233622359,1492233622360,1492233622360,1492233623013,1492233623023,1492233633829,1492233633830,1492233633839
1492233731977,0,0,0,0,1492233731980,1492233731980,1492233731983,1492233731983,1492233731983,None,1492233732032,1492233732075,1492233732077,1492233732076,1492233732619,1492233732644,1492233740418,1492233740418,1492233740472
1492233842434,0,0,0,0,1492233842439,1492233842439,1492233842442,1492233842442,1492233842442,None,1492233842486,1492233842527,1492233842529,1492233842528,1492233844801,1492233844911,1492233849687,1492233849687,1492233849740
1492233935765,0,0,0,0,1492233935768,1492233935768,1492233935863,1492233935863,1492233935863,None,1492233935901,1492233935944,1492233935946,1492233935945,1492233939231,1492233939370,1492233944649,1492233944649,1492233944701
1492234024731,0,0,0,0,1492234024734,1492234024734,1492234024735,1492234024735,1492234024735,None,1492234024823,1492234024870,1492234024871,1492234024871,1492234027211,1492234027317,1492234031159,1492234031159,1492234031219
1492234135491,0,0,0,0,1492234135494,1492234135494,1492234135494,1492234135494,1492234135494,None,1492234135540,1492234135582,1492234135584,1492234135583,1492234139214,1492234139237,1492234147063,1492234147064,1492234147071
1492234248774,0,0,0,0,1492234248777,1492234248777,1492234248782,1492234248782,1492234248782,None,1492234248820,1492234248863,1492234248865,1492234248865,1492234249471,1492234249473,1492234257140,1492234257140,1492234257187
1492234354323,0,0,0,0,1492234354328,1492234354328,1492234354335,1492234354335,1492234354335,None,1492234354389,1492234354433,1492234354434,1492234354434,1492234357492,1492234357514,1492234362291,1492234362291,1492234362336
1492234459635,0,0,0,0,1492234459638,1492234459638,1492234459639,1492234459639,1492234459639,None,1492234459684,1492234459727,1492234459729,1492234459728,1492234461659,1492234461754,1492234466258,1492234466258,1492234466304
