link,navigationStart, unloadEventStart, unloadEventEnd, redirectStart, redirectEnd, fetchStart, domainLookupStart, domainLookupEnd, connectStart, connectEnd, secureConnectionStart, requestStart, responseStart, responseEnd, domLoading, domInteractive, domContentLoadedEventStart, domComplete, loadEventStart, loadEventEnd
1492133100306,0,0,0,0,1492133100323,1492133101989,1492133101990,1492133101990,1492133102015,1492133101992,1492133102015,1492133102022,1492133102027,1492133102024,1492133102040,1492133102040,1492133102987,1492133102988,1492133102988
1492133163041,0,0,0,0,1492133163058,1492133164546,1492133164548,1492133164548,1492133164574,1492133164549,1492133164574,1492133164632,1492133164637,1492133164633,1492133164651,1492133164651,1492133166673,1492133166674,1492133166674
1492133238036,0,0,0,0,1492133238054,1492133240736,1492133240739,1492133240739,1492133240780,1492133240741,1492133240780,1492133240786,1492133240800,1492133240787,1492133241386,1492133241386,0,0,0
1492133315423,0,0,0,0,1492133315442,1492133317223,1492133317226,1492133317226,1492133317269,1492133317228,1492133317269,1492133317334,1492133317337,1492133317335,1492133317351,1492133317351,1492133318583,1492133318584,1492133318584
1492133384015,0,0,0,0,1492133384035,1492133386570,1492133386571,1492133386571,1492133386599,1492133386573,1492133386600,1492133386604,1492133386615,1492133386606,1492133387246,1492133387246,0,0,0
1492133562285,0,0,0,0,1492133562302,1492133563510,1492133563512,1492133563512,1492133563540,1492133563514,1492133563540,1492133563549,1492133563559,1492133563550,1492133564177,1492133564177,0,0,0
1492133625257,0,0,0,0,1492133625279,1492133626963,1492133626967,1492133626967,1492133626990,1492133626969,1492133626990,1492133627296,1492133627299,1492133627298,1492133627307,1492133627307,1492133627405,1492133627405,1492133627405
1492133695456,0,0,0,0,1492133695473,1492133697460,1492133697462,1492133697462,1492133697484,1492133697463,1492133697484,1492133697545,1492133697550,1492133697546,1492133697565,1492133697565,1492133699260,1492133699260,1492133699260
1492133755391,0,0,0,0,1492133755407,1492133757436,1492133757437,1492133757437,1492133757462,1492133757439,1492133757462,1492133757470,1492133757473,1492133757471,1492133757537,1492133757537,1492133758654,1492133758654,1492133758654
1492133825981,0,0,0,0,1492133825997,1492133828045,1492133828051,1492133828051,1492133828074,1492133828052,1492133828074,1492133828195,1492133828207,1492133828196,1492133828871,1492133828871,0,0,0
1492133893193,0,0,0,0,1492133893213,1492133894841,1492133894843,1492133894843,1492133894868,1492133894844,1492133894868,1492133894874,1492133894877,1492133894875,1492133894924,1492133894924,1492133896032,1492133896032,1492133896032
1492133954196,0,0,0,0,1492133954213,1492133956589,1492133956591,1492133956591,1492133956623,1492133956593,1492133956623,1492133956628,1492133956640,1492133956629,1492133957263,1492133957263,0,0,0
1492134032096,0,0,0,0,1492134032118,1492134033922,1492134033924,1492134033924,1492134033945,1492134033925,1492134033945,1492134034000,1492134034003,1492134034001,1492134034021,1492134034021,1492134036344,1492134036344,1492134036344
1492134107087,0,0,0,0,1492134107106,1492134108561,1492134108562,1492134108562,1492134108585,1492134108564,1492134108585,1492134108656,1492134108669,1492134108657,1492134109285,1492134109285,0,0,0
1492134184264,0,0,0,0,1492134184283,1492134186585,1492134186586,1492134186586,1492134186607,1492134186587,1492134186607,1492134186612,1492134186617,1492134186613,1492134186630,1492134186630,1492134188298,1492134188298,1492134188298
1492134266367,0,0,0,0,1492134266384,1492134268824,1492134268825,1492134268825,1492134268848,1492134268827,1492134268848,1492134268936,1492134268947,1492134268937,1492134269527,1492134269527,0,0,0
1492134350520,0,0,0,0,1492134350540,1492134352585,1492134352586,1492134352586,1492134352617,1492134352597,1492134352617,1492134352677,1492134352680,1492134352678,1492134352730,1492134352730,1492134354040,1492134354040,1492134354040
1492134426090,0,0,0,0,1492134426108,1492134428393,1492134428394,1492134428394,1492134428422,1492134428396,1492134428422,1492134428510,1492134428520,1492134428511,1492134429117,1492134429117,0,0,0
1492134503197,0,0,0,0,1492134503214,1492134505430,1492134505453,1492134505453,1492134505492,1492134505455,1492134505492,1492134505535,1492134505538,1492134505536,1492134505602,1492134505602,1492134507475,1492134507475,1492134507475
1492134576813,0,0,0,0,1492134576830,1492134579098,1492134579099,1492134579099,1492134579121,1492134579101,1492134579121,1492134579127,1492134579132,1492134579129,1492134579144,1492134579144,1492134580598,1492134580599,1492134580599
1492134651722,0,0,0,0,1492134651744,1492134653475,1492134653477,1492134653477,1492134653500,1492134653479,1492134653500,1492134653586,1492134653599,1492134653587,1492134654240,1492134654240,0,0,0
1492134736689,0,0,0,0,1492134736709,1492134738991,1492134738995,1492134738995,1492134739017,1492134738996,1492134739017,1492134739054,1492134739058,1492134739055,1492134739074,1492134739074,1492134741255,1492134741255,1492134741255
1492134815437,0,0,0,0,1492134815453,1492134816928,1492134816929,1492134816929,1492134816954,1492134816931,1492134816954,1492134816960,1492134816974,1492134816962,1492134817555,1492134817555,0,0,0
1492134883911,0,0,0,0,1492134883927,1492134885928,1492134885929,1492134885929,1492134885951,1492134885931,1492134885951,1492134885990,1492134885993,1492134885991,1492134886038,1492134886038,1492134888023,1492134888023,1492134888023
1492134960641,0,0,0,0,1492134960657,1492134962879,1492134962881,1492134962881,1492134962913,1492134962883,1492134962913,1492134963008,1492134963021,1492134963009,1492134963725,1492134963725,0,0,0
1492135038871,0,0,0,0,1492135038891,1492135040302,1492135040303,1492135040303,1492135040324,1492135040305,1492135040324,1492135040360,1492135040363,1492135040361,1492135040417,1492135040417,1492135041871,1492135041871,1492135041871
1492135118323,0,0,0,0,1492135118339,1492135120447,1492135120449,1492135120449,1492135120472,1492135120451,1492135120472,1492135120560,1492135120575,1492135120561,1492135121139,1492135121139,0,0,0
1492135194660,0,0,0,0,1492135194677,1492135197242,1492135197267,1492135197267,1492135197288,1492135197268,1492135197288,1492135197325,1492135197328,1492135197326,1492135197345,1492135197345,1492135198838,1492135198838,1492135198838
1492135271877,0,0,0,0,1492135271896,1492135273918,1492135273923,1492135273923,1492135273945,1492135273924,1492135273945,1492135273949,1492135273962,1492135273951,1492135274564,1492135274564,0,0,0
1492135351735,0,0,0,0,1492135351752,1492135353354,1492135353355,1492135353355,1492135353378,1492135353356,1492135353378,1492135353445,1492135353454,1492135353447,1492135353464,1492135353464,1492135355115,1492135355116,1492135355116
1492135433837,0,0,0,0,1492135433855,1492135436163,1492135436164,1492135436164,1492135436186,1492135436166,1492135436186,1492135436252,1492135436263,1492135436254,1492135436355,1492135436355,1492135437975,1492135437975,1492135437975
1492135512645,0,0,0,0,1492135512662,1492135514724,1492135514725,1492135514725,1492135514749,1492135514727,1492135514749,1492135514754,1492135514765,1492135514755,1492135515375,1492135515375,0,0,0
1492135587043,0,0,0,0,1492135587062,1492135588609,1492135588610,1492135588610,1492135588632,1492135588612,1492135588632,1492135588690,1492135588698,1492135588691,1492135588705,1492135588705,1492135589855,1492135589855,1492135589855
1492135661125,0,0,0,0,1492135661144,1492135663381,1492135663383,1492135663383,1492135663405,1492135663384,1492135663405,1492135663498,1492135663510,1492135663499,1492135664206,1492135664206,0,0,0
1492135729311,0,0,0,0,1492135729328,1492135731512,1492135731514,1492135731514,1492135731536,1492135731515,1492135731536,1492135731541,1492135731544,1492135731542,1492135731592,1492135731592,1492135732893,1492135732893,1492135732893
1492135805423,0,0,0,0,1492135805440,1492135807282,1492135807283,1492135807283,1492135807305,1492135807284,1492135807305,1492135807394,1492135807412,1492135807395,1492135808189,1492135808189,0,0,0
1492135888811,0,0,0,0,1492135888830,1492135890604,1492135890605,1492135890605,1492135890629,1492135890607,1492135890629,1492135890687,1492135890691,1492135890688,1492135890706,1492135890706,1492135891845,1492135891846,1492135891846
1492135970148,0,0,0,0,1492135970167,1492135972223,1492135972224,1492135972224,1492135972247,1492135972226,1492135972247,1492135972309,1492135972314,1492135972311,1492135972327,1492135972327,1492135974753,1492135974753,1492135974753
1492136045322,0,0,0,0,1492136045341,1492136047348,1492136047349,1492136047349,1492136047372,1492136047351,1492136047372,1492136047434,1492136047437,1492136047435,1492136047488,1492136047488,1492136049324,1492136049325,1492136049325
1492136121080,0,0,0,0,1492136121098,1492136123566,1492136123567,1492136123567,1492136123588,1492136123569,1492136123588,1492136123676,1492136123692,1492136123678,1492136124280,1492136124280,0,0,0
1492136202603,0,0,0,0,1492136202622,1492136204603,1492136204626,1492136204626,1492136204647,1492136204628,1492136204647,1492136204805,1492136204809,1492136204807,1492136204831,1492136204831,1492136206304,1492136206304,1492136206304
1492136282574,0,0,0,0,1492136282593,1492136284814,1492136284815,1492136284815,1492136284838,1492136284817,1492136284838,1492136284935,1492136284948,1492136284936,1492136285656,1492136285656,0,0,0
1492136361935,0,0,0,0,1492136361952,1492136363275,1492136363277,1492136363277,1492136363300,1492136363279,1492136363300,1492136363357,1492136363361,1492136363358,1492136363422,1492136363422,1492136364359,1492136364359,1492136364359
1492136447929,0,0,0,0,1492136447948,1492136449965,1492136449966,1492136449966,1492136449988,1492136449968,1492136449988,1492136450044,1492136450049,1492136450046,1492136450063,1492136450063,1492136451821,1492136451821,1492136451821
1492136521701,0,0,0,0,1492136521719,1492136524701,1492136524703,1492136524703,1492136524725,1492136524704,1492136524725,1492136524780,1492136524783,1492136524781,1492136524800,1492136524800,1492136526404,1492136526404,1492136526404
1492136595005,0,0,0,0,1492136595022,1492136597179,1492136597181,1492136597181,1492136597203,1492136597183,1492136597203,1492136597259,1492136597263,1492136597260,1492136597277,1492136597277,1492136598923,1492136598923,1492136598923
1492136676573,0,0,0,0,1492136676591,1492136679235,1492136679236,1492136679236,1492136679261,1492136679238,1492136679261,1492136679321,1492136679324,1492136679323,1492136679339,1492136679339,1492136680868,1492136680868,1492136680868
1492136767188,0,0,0,0,1492136767207,1492136769615,1492136769616,1492136769616,1492136769638,1492136769617,1492136769638,1492136769700,1492136769712,1492136769702,1492136770326,1492136770326,0,0,0
1492136848951,0,0,0,0,1492136848968,1492136851025,1492136851026,1492136851026,1492136851048,1492136851027,1492136851048,1492136851053,1492136851056,1492136851054,1492136851069,1492136851069,1492136852653,1492136852654,1492136852654
1492136936653,0,0,0,0,1492136936669,1492136938845,1492136938846,1492136938846,1492136938868,1492136938847,1492136938868,1492136938925,1492136938942,1492136938927,1492136939967,1492136939967,0,0,0
1492137011864,0,0,0,0,1492137011880,1492137013673,1492137013675,1492137013675,1492137013698,1492137013678,1492137013698,1492137013739,1492137013743,1492137013740,1492137013803,1492137013803,1492137015230,1492137015231,1492137015231
1492137095319,0,0,0,0,1492137095336,1492137097674,1492137097675,1492137097675,1492137097697,1492137097677,1492137097697,1492137097788,1492137097800,1492137097790,1492137098406,1492137098406,0,0,0
1492137173941,0,0,0,0,1492137173960,1492137176474,1492137176478,1492137176478,1492137176500,1492137176480,1492137176500,1492137176538,1492137176548,1492137176540,1492137176557,1492137176557,1492137177996,1492137177996,1492137177996
1492137258102,0,0,0,0,1492137258120,1492137260313,1492137260315,1492137260315,1492137260342,1492137260316,1492137260342,1492137260347,1492137260360,1492137260349,1492137261486,1492137261486,0,0,0
1492137334278,0,0,0,0,1492137334296,1492137336264,1492137336268,1492137336268,1492137336291,1492137336270,1492137336291,1492137336386,1492137336390,1492137336387,1492137336403,1492137336403,1492137336502,1492137336502,1492137336502
1492137413751,0,0,0,0,1492137413768,1492137416303,1492137416305,1492137416305,1492137416326,1492137416306,1492137416326,1492137416387,1492137416390,1492137416388,1492137416444,1492137416444,1492137418343,1492137418343,1492137418343
1492137497056,0,0,0,0,1492137497076,1492137499487,1492137499491,1492137499491,1492137499518,1492137499495,1492137499518,1492137499607,1492137499622,1492137499608,1492137500253,1492137500253,0,0,0
1492137575847,0,0,0,0,1492137575865,1492137577656,1492137577657,1492137577657,1492137577678,1492137577658,1492137577678,1492137577741,1492137577744,1492137577742,1492137577758,1492137577758,1492137579885,1492137579885,1492137579885
1492137657571,0,0,0,0,1492137657591,1492137660130,1492137660131,1492137660131,1492137660153,1492137660133,1492137660153,1492137660241,1492137660254,1492137660242,1492137660949,1492137660949,0,0,0
1492137741943,0,0,0,0,1492137741961,1492137744004,1492137744005,1492137744005,1492137744027,1492137744007,1492137744027,1492137744088,1492137744093,1492137744090,1492137744143,1492137744143,1492137746330,1492137746330,1492137746330
1492137819002,0,0,0,0,1492137819022,1492137821067,1492137821071,1492137821071,1492137821093,1492137821072,1492137821093,1492137821155,1492137821158,1492137821156,1492137821174,1492137821174,1492137822626,1492137822626,1492137822626
1492137893243,0,0,0,0,1492137893261,1492137895572,1492137895573,1492137895573,1492137895599,1492137895575,1492137895599,1492137895653,1492137895657,1492137895655,1492137895672,1492137895672,1492137897403,1492137897403,1492137897403
1492137973231,0,0,0,0,1492137973247,1492137975244,1492137975245,1492137975245,1492137975267,1492137975247,1492137975268,1492137975322,1492137975325,1492137975323,1492137975340,1492137975340,1492137977357,1492137977357,1492137977357
1492138054890,0,0,0,0,1492138054908,1492138057256,1492138057258,1492138057258,1492138057284,1492138057260,1492138057284,1492138057292,1492138057296,1492138057293,1492138057314,1492138057314,1492138058958,1492138058958,1492138058958
1492138139552,0,0,0,0,1492138139569,1492138141564,1492138141565,1492138141565,1492138141587,1492138141567,1492138141587,1492138141684,1492138141699,1492138141686,1492138142368,1492138142368,0,0,0
1492138216637,0,0,0,0,1492138216655,1492138218907,1492138218911,1492138218911,1492138218933,1492138218913,1492138218933,1492138218994,1492138218997,1492138218996,1492138219044,1492138219044,1492138221043,1492138221044,1492138221044
1492138297749,0,0,0,0,1492138297767,1492138299801,1492138299802,1492138299802,1492138299824,1492138299804,1492138299824,1492138299884,1492138299889,1492138299886,1492138299907,1492138299907,1492138301319,1492138301320,1492138301320
1492138381457,0,0,0,0,1492138381475,1492138383438,1492138383439,1492138383439,1492138383474,1492138383449,1492138383474,1492138383531,1492138383535,1492138383533,1492138383548,1492138383548,1492138384916,1492138384916,1492138384916
1492138465894,0,0,0,0,1492138465912,1492138467568,1492138467569,1492138467569,1492138467592,1492138467570,1492138467592,1492138467698,1492138467710,1492138467699,1492138468299,1492138468299,0,0,0
1492138544110,0,0,0,0,1492138544132,1492138546341,1492138546342,1492138546342,1492138546365,1492138546344,1492138546365,1492138546412,1492138546417,1492138546414,1492138546491,1492138546491,1492138548460,1492138548461,1492138548461
1492138625259,0,0,0,0,1492138625277,1492138627765,1492138627767,1492138627767,1492138627795,1492138627768,1492138627795,1492138627884,1492138627901,1492138627885,1492138628515,1492138628515,0,0,0
1492138712262,0,0,0,0,1492138712282,1492138714190,1492138714211,1492138714211,1492138714234,1492138714213,1492138714235,1492138714239,1492138714243,1492138714241,1492138714297,1492138714297,1492138717191,1492138717191,1492138717191
1492138794251,0,0,0,0,1492138794268,1492138795433,1492138795434,1492138795434,1492138795457,1492138795436,1492138795457,1492138795540,1492138795551,1492138795541,1492138796146,1492138796146,0,0,0
1492138867852,0,0,0,0,1492138867873,1492138869528,1492138869532,1492138869532,1492138869557,1492138869534,1492138869557,1492138869598,1492138869602,1492138869599,1492138869666,1492138869666,1492138870898,1492138870898,1492138870898
1492138948289,0,0,0,0,1492138948306,1492138951017,1492138951039,1492138951039,1492138951060,1492138951040,1492138951060,1492138951153,1492138951166,1492138951154,1492138951792,1492138951792,0,0,0
1492139018952,0,0,0,0,1492139018971,1492139020930,1492139020932,1492139020932,1492139020955,1492139020933,1492139020955,1492139020961,1492139020964,1492139020962,1492139020978,1492139020978,1492139021965,1492139021966,1492139021966
1492139091110,0,0,0,0,1492139091130,1492139093351,1492139093352,1492139093352,1492139093379,1492139093354,1492139093379,1492139093464,1492139093478,1492139093466,1492139094204,1492139094204,0,0,0
1492139170416,0,0,0,0,1492139170434,1492139172634,1492139172635,1492139172635,1492139172671,1492139172637,1492139172671,1492139172735,1492139172739,1492139172736,1492139172751,1492139172751,1492139174717,1492139174718,1492139174718
1492139252669,0,0,0,0,1492139252687,1492139255292,1492139255294,1492139255294,1492139255319,1492139255295,1492139255319,1492139255402,1492139255420,1492139255404,1492139256009,1492139256009,0,0,0
1492139331195,0,0,0,0,1492139331214,1492139333516,1492139333517,1492139333517,1492139333546,1492139333519,1492139333546,1492139333612,1492139333616,1492139333613,1492139333631,1492139333631,1492139335022,1492139335022,1492139335022
1492139414160,0,0,0,0,1492139414178,1492139416226,1492139416227,1492139416227,1492139416249,1492139416229,1492139416249,1492139416342,1492139416355,1492139416343,1492139416956,1492139416956,0,0,0
1492139490222,0,0,0,0,1492139490240,1492139492801,1492139492802,1492139492802,1492139492825,1492139492804,1492139492825,1492139492881,1492139492884,1492139492882,1492139492901,1492139492901,1492139494363,1492139494364,1492139494364
1492139575790,0,0,0,0,1492139575811,1492139577430,1492139577430,1492139577430,1492139577452,1492139577432,1492139577452,1492139577547,1492139577562,1492139577549,1492139578205,1492139578205,0,0,0
1492139656437,0,0,0,0,1492139656457,1492139657979,1492139658001,1492139658001,1492139658033,1492139658003,1492139658033,1492139658092,1492139658096,1492139658093,1492139658110,1492139658110,1492139660189,1492139660190,1492139660190
1492139740276,0,0,0,0,1492139740295,1492139742695,1492139742696,1492139742696,1492139742718,1492139742697,1492139742718,1492139742757,1492139742761,1492139742759,1492139742779,1492139742779,1492139744448,1492139744448,1492139744448
1492139823288,0,0,0,0,1492139823306,1492139825496,1492139825497,1492139825497,1492139825520,1492139825499,1492139825520,1492139825886,1492139825901,1492139825887,1492139826507,1492139826507,0,0,0
1492139894566,0,0,0,0,1492139894584,1492139896777,1492139896799,1492139896799,1492139896822,1492139896801,1492139896822,1492139896885,1492139896889,1492139896887,1492139896953,1492139896953,1492139898123,1492139898124,1492139898124
1492139974766,0,0,0,0,1492139974789,1492139977115,1492139977116,1492139977116,1492139977139,1492139977118,1492139977139,1492139977230,1492139977241,1492139977231,1492139977848,1492139977848,0,0,0
1492140060976,0,0,0,0,1492140060996,1492140062864,1492140062870,1492140062870,1492140062972,1492140062872,1492140062972,1492140063058,1492140063059,1492140063059,1492140063157,1492140063157,1492140065244,1492140065244,1492140065244
1492140167388,0,0,0,0,1492140167406,1492140169422,1492140169422,1492140169422,1492140169725,1492140169424,1492140169725,1492140169887,1492140169889,1492140169889,1492140170015,1492140170015,1492140172503,1492140172503,1492140172503
1492140270750,0,0,0,0,1492140270767,1492140272055,1492140272056,1492140272056,1492140272166,1492140272057,1492140272166,1492140272251,1492140272281,1492140272253,1492140272337,1492140272337,1492140274021,1492140274021,1492140274021
1492140365457,0,0,0,0,1492140365476,1492140368161,1492140368162,1492140368162,1492140368280,1492140368163,1492140368280,1492140368363,1492140368364,1492140368364,1492140368466,1492140368466,1492140370102,1492140370102,1492140370106
1492140462613,0,0,0,0,1492140462632,1492140464719,1492140464723,1492140464723,1492140464766,1492140464725,1492140464766,1492140464859,1492140464861,1492140464860,1492140464961,1492140464961,1492140467171,1492140467172,1492140467172
1492140561606,0,0,0,0,1492140561625,1492140563800,1492140563801,1492140563801,1492140563845,1492140563803,1492140563845,1492140563930,1492140563931,1492140563931,1492140564038,1492140564038,1492140566209,1492140566209,1492140566214
1492140664132,0,0,0,0,1492140664148,1492140666166,1492140666168,1492140666168,1492140666269,1492140666170,1492140666269,1492140666448,1492140666450,1492140666449,1492140666548,1492140666548,1492140669389,1492140669389,1492140669393
1492140770423,0,0,0,0,1492140770442,1492140772452,1492140772454,1492140772454,1492140772556,1492140772456,1492140772556,1492140773043,1492140773051,1492140773046,1492140773161,1492140773161,1492140775030,1492140775030,1492140775031
1492140874943,0,0,0,0,1492140874962,1492140877059,1492140877061,1492140877061,1492140877107,1492140877063,1492140877107,1492140877207,1492140877209,1492140877208,1492140877291,1492140877291,1492140879454,1492140879454,1492140879454
1492140976827,0,0,0,0,1492140976845,1492140979428,1492140979434,1492140979434,1492140979574,1492140979436,1492140979574,1492140979682,1492140979684,1492140979684,1492140979769,1492140979769,1492140981629,1492140981629,1492140981630
1492141079104,0,0,0,0,1492141079121,1492141081365,1492141081366,1492141081366,1492141081470,1492141081367,1492141081470,1492141081554,1492141081555,1492141081555,1492141081655,1492141081655,1492141083801,1492141083801,1492141083801
1492141178268,0,0,0,0,1492141178287,1492141179536,1492141179537,1492141179537,1492141179637,1492141179538,1492141179637,1492141179745,1492141179747,1492141179747,1492141179853,1492141179853,1492141181211,1492141181211,1492141181211
1492141276904,0,0,0,0,1492141276929,1492141279217,1492141279217,1492141279217,1492141279319,1492141279219,1492141279319,1492141279402,1492141279405,1492141279403,1492141279480,1492141279480,1492141281870,1492141281870,1492141281871
1492141375778,0,0,0,0,1492141375801,1492141378368,1492141378370,1492141378370,1492141378498,1492141378372,1492141378498,1492141378603,1492141378605,1492141378605,1492141378696,1492141378696,0,0,0
1492141485045,0,0,0,0,1492141485064,1492141486338,1492141486339,1492141486339,1492141486383,1492141486341,1492141486383,1492141486467,1492141486469,1492141486468,1492141486595,1492141486595,1492141488625,1492141488625,1492141488626
1492141585828,0,0,0,0,1492141585849,1492141588354,1492141588355,1492141588355,1492141588405,1492141588357,1492141588405,1492141588487,1492141588490,1492141588489,1492141588527,1492141588527,1492141590694,1492141590694,1492141590694
1492141691302,0,0,0,0,1492141691323,1492141693756,1492141693756,1492141693756,1492141693801,1492141693758,1492141693801,1492141693884,1492141693886,1492141693885,1492141694001,1492141694001,1492141696232,1492141696232,1492141696235
1492141786724,0,0,0,0,1492141786745,1492141789299,1492141789300,1492141789300,1492141789358,1492141789302,1492141789358,1492141789445,1492141789446,1492141789446,1492141789531,1492141789531,1492141791409,1492141791410,1492141791414
1492141882091,0,0,0,0,1492141882111,1492141884334,1492141884335,1492141884335,1492141884400,1492141884338,1492141884400,1492141884484,1492141884488,1492141884485,1492141884491,1492141884491,1492141887106,1492141887106,1492141887107
1492141982390,0,0,0,0,1492141982412,1492141984582,1492141984583,1492141984583,1492141984625,1492141984584,1492141984625,1492141984739,1492141984742,1492141984741,1492141984834,1492141984834,1492141987310,1492141987310,1492141987310
1492142088875,0,0,0,0,1492142088892,1492142091588,1492142091589,1492142091589,1492142091631,1492142091590,1492142091631,1492142091713,1492142091724,1492142091715,1492142091801,1492142091801,1492142094534,1492142094534,1492142094534
1492142195608,0,0,0,0,1492142195628,1492142197773,1492142197796,1492142197796,1492142197850,1492142197798,1492142197850,1492142197935,1492142197937,1492142197937,1492142198053,1492142198053,1492142200833,1492142200833,1492142200834
1492142286718,0,0,0,0,1492142286738,1492142289195,1492142289197,1492142289197,1492142289301,1492142289198,1492142289301,1492142289386,1492142289388,1492142289387,1492142289395,1492142289395,1492142295510,1492142295510,1492142295514
1492142388393,0,0,0,0,1492142388409,1492142391456,1492142391458,1492142391458,1492142391505,1492142391460,1492142391505,1492142391587,1492142391589,1492142391589,1492142391687,1492142391687,1492142393911,1492142393911,1492142393911
1492142501562,0,0,0,0,1492142501580,1492142503578,1492142503579,1492142503579,1492142503623,1492142503581,1492142503623,1492142503704,1492142503709,1492142503706,1492142503817,1492142503817,1492142506345,1492142506346,1492142506346
1492142596207,0,0,0,0,1492142596224,1492142597864,1492142597866,1492142597866,1492142597912,1492142597867,1492142597912,1492142598015,1492142598017,1492142598017,1492142598098,1492142598098,1492142599422,1492142599423,1492142599423
1492142694738,0,0,0,0,1492142694758,1492142696027,1492142696027,1492142696027,1492142696073,1492142696029,1492142696073,1492142696315,1492142696317,1492142696316,1492142696411,1492142696411,1492142698174,1492142698175,1492142698176
1492142791468,0,0,0,0,1492142791491,1492142792753,1492142792775,1492142792775,1492142792817,1492142792777,1492142792817,1492142792917,1492142792919,1492142792919,1492142793008,1492142793008,1492142794285,1492142794286,1492142794286
1492142878925,0,0,0,0,1492142878946,1492142880589,1492142880590,1492142880590,1492142880645,1492142880591,1492142880645,1492142880749,1492142880750,1492142880750,1492142880830,1492142880830,1492142883536,1492142883536,1492142883537
1492142981639,0,0,0,0,1492142981659,1492142984204,1492142984211,1492142984211,1492142984257,1492142984213,1492142984257,1492142984477,1492142984478,1492142984479,1492142984579,1492142984579,1492142985985,1492142985985,1492142985985
1492143077082,0,0,0,0,1492143077100,1492143079479,1492143079485,1492143079485,1492143079530,1492143079486,1492143079530,1492143079615,1492143079616,1492143079616,1492143079621,1492143079621,1492143081857,1492143081857,1492143081858
1492143172669,0,0,0,0,1492143172687,1492143174844,1492143174846,1492143174846,1492143174894,1492143174848,1492143174894,1492143174977,1492143174978,1492143174978,1492143174983,1492143174983,1492143178021,1492143178022,1492143178024
1492143270970,0,0,0,0,1492143270988,1492143273959,1492143273960,1492143273960,1492143274008,1492143273962,1492143274008,1492143274090,1492143274091,1492143274091,1492143274185,1492143274185,1492143276153,1492143276153,1492143276156
1492143374834,0,0,0,0,1492143374852,1492143377415,1492143377416,1492143377416,1492143377528,1492143377419,1492143377528,1492143377613,1492143377615,1492143377615,1492143377713,1492143377713,1492143382591,1492143382591,1492143382594
1492143486458,0,0,0,0,1492143486477,1492143488658,1492143488659,1492143488659,1492143488760,1492143488661,1492143488760,1492143488868,1492143488870,1492143488869,1492143488962,1492143488962,1492143491310,1492143491310,1492143491311
1492143590538,0,0,0,0,1492143590559,1492143592547,1492143592548,1492143592548,1492143592839,1492143592550,1492143592839,1492143592939,1492143592940,1492143592941,1492143593031,1492143593031,1492143594609,1492143594609,1492143594609
1492143685861,0,0,0,0,1492143685883,1492143687863,1492143687886,1492143687886,1492143687930,1492143687888,1492143687930,1492143688015,1492143688019,1492143688018,1492143688105,1492143688105,1492143689272,1492143689272,1492143689273
1492143785821,0,0,0,0,1492143785839,1492143787624,1492143787625,1492143787625,1492143787668,1492143787627,1492143787668,1492143787802,1492143787803,1492143787803,1492143787898,1492143787898,1492143789839,1492143789839,1492143789843
1492143877679,0,0,0,0,1492143877699,1492143879966,1492143879968,1492143879968,1492143880013,1492143879970,1492143880013,1492143880139,1492143880141,1492143880141,1492143880235,1492143880235,1492143881830,1492143881830,1492143881831
1492143977392,0,0,0,0,1492143977415,1492143979903,1492143979904,1492143979904,1492143979949,1492143979906,1492143979949,1492143980048,1492143980050,1492143980049,1492143980090,1492143980090,1492143983038,1492143983038,1492143983038
1492144075097,0,0,0,0,1492144075115,1492144077369,1492144077370,1492144077370,1492144077506,1492144077372,1492144077506,1492144077592,1492144077593,1492144077593,1492144077710,1492144077710,1492144080061,1492144080061,1492144080061
1492144167855,0,0,0,0,1492144167874,1492144169857,1492144169864,1492144169864,1492144169976,1492144169866,1492144169976,1492144170079,1492144170080,1492144170080,1492144170182,1492144170182,1492144173406,1492144173406,1492144173408
1492144263312,0,0,0,0,1492144263328,1492144265155,1492144265157,1492144265157,1492144265199,1492144265159,1492144265199,1492144265293,1492144265294,1492144265294,1492144265395,1492144265395,1492144267534,1492144267534,1492144267536
1492144357569,0,0,0,0,1492144357587,1492144359743,1492144359744,1492144359744,1492144359787,1492144359746,1492144359787,1492144359873,1492144359875,1492144359875,1492144359961,1492144359961,1492144367947,1492144367947,1492144367950
1492144456770,0,0,0,0,1492144456790,1492144458681,1492144458682,1492144458682,1492144458787,1492144458684,1492144458787,1492144458869,1492144458871,1492144458871,1492144458972,1492144458972,1492144461058,1492144461058,1492144461058
1492144558915,0,0,0,0,1492144558933,1492144560566,1492144560567,1492144560567,1492144560671,1492144560569,1492144560671,1492144560807,1492144560808,1492144560808,1492144560904,1492144560904,1492144562720,1492144562720,1492144562723
1492144651057,0,0,0,0,1492144651074,1492144653627,1492144653628,1492144653628,1492144653670,1492144653630,1492144653670,1492144653751,1492144653754,1492144653752,1492144653856,1492144653856,1492144657013,1492144657014,1492144657017
1492144759655,0,0,0,0,1492144759673,1492144761733,1492144761735,1492144761735,1492144761779,1492144761737,1492144761779,1492144761862,1492144761863,1492144761863,1492144761955,1492144761955,1492144764436,1492144764437,1492144764437
1492144862816,0,0,0,0,1492144862836,1492144865773,1492144865774,1492144865774,1492144865815,1492144865776,1492144865815,1492144865923,1492144865925,1492144865924,1492144866051,1492144866051,1492144868191,1492144868191,1492144868192
1492144976834,0,0,0,0,1492144976851,1492144979451,1492144979452,1492144979452,1492144979494,1492144979454,1492144979494,1492144979600,1492144979602,1492144979601,1492144979701,1492144979701,1492144984425,1492144984425,1492144984430
1492145079376,0,0,0,0,1492145079395,1492145081872,1492145081874,1492145081874,1492145081917,1492145081875,1492145081917,1492145082037,1492145082039,1492145082039,1492145082139,1492145082139,1492145085177,1492145085178,1492145085178
1492145192045,0,0,0,0,1492145192064,1492145193520,1492145193520,1492145193520,1492145193562,1492145193522,1492145193563,1492145193650,1492145193651,1492145193651,1492145193755,1492145193755,1492145196188,1492145196188,1492145196189
1492145288878,0,0,0,0,1492145288898,1492145291379,1492145291381,1492145291381,1492145291423,1492145291384,1492145291423,1492145291517,1492145291518,1492145291519,1492145291522,1492145291522,1492145294135,1492145294136,1492145294138
1492145392726,0,0,0,0,1492145392745,1492145394982,1492145394984,1492145394984,1492145395096,1492145394986,1492145395096,1492145395202,1492145395204,1492145395203,1492145395283,1492145395283,1492145397770,1492145397770,1492145397770
1492145497337,0,0,0,0,1492145497359,1492145499819,1492145499820,1492145499820,1492145499926,1492145499822,1492145499926,1492145500018,1492145500020,1492145500020,1492145500114,1492145500114,1492145501941,1492145501942,1492145501942
1492145602723,0,0,0,0,1492145602741,1492145605518,1492145605520,1492145605520,1492145605563,1492145605522,1492145605563,1492145605647,1492145605648,1492145605648,1492145605737,1492145605737,1492145610822,1492145610822,1492145610825
1492145708727,0,0,0,0,1492145708748,1492145711357,1492145711358,1492145711358,1492145711456,1492145711360,1492145711456,1492145711555,1492145711557,1492145711557,1492145711650,1492145711650,1492145713537,1492145713537,1492145713537
1492145826929,0,0,0,0,1492145826951,1492145828953,1492145828954,1492145828954,1492145828999,1492145828956,1492145828999,1492145829082,1492145829085,1492145829084,1492145829180,1492145829180,1492145832153,1492145832153,1492145832153
1492145925873,0,0,0,0,1492145925895,1492145928375,1492145928377,1492145928377,1492145928477,1492145928379,1492145928477,1492145928578,1492145928582,1492145928580,1492145928681,1492145928681,1492145930548,1492145930548,1492145930549
1492146034516,0,0,0,0,1492146034535,1492146036764,1492146036770,1492146036770,1492146036816,1492146036772,1492146036816,1492146036918,1492146036919,1492146036920,1492146037023,1492146037023,1492146039046,1492146039046,1492146039046
1492146184392,0,0,0,0,1492146184411,1492146186058,1492146186060,1492146186060,1492146186159,1492146186061,1492146186159,1492146186245,1492146186251,1492146186246,1492146186323,1492146186323,1492146188126,1492146188126,1492146188126
1492146284793,0,0,0,0,1492146284814,1492146287408,1492146287409,1492146287409,1492146287449,1492146287411,1492146287449,1492146287531,1492146287532,1492146287532,1492146287537,1492146287537,1492146289357,1492146289357,1492146289358
1492146389264,0,0,0,0,1492146389283,1492146392118,1492146392120,1492146392120,1492146392217,1492146392122,1492146392217,1492146392303,1492146392349,1492146392305,1492146392391,1492146392391,1492146394584,1492146394584,1492146394584
1492146491544,0,0,0,0,1492146491562,1492146493222,1492146493222,1492146493222,1492146493264,1492146493224,1492146493264,1492146493364,1492146493366,1492146493366,1492146493430,1492146493431,1492146495125,1492146495125,1492146495126
1492146589866,0,0,0,0,1492146589884,1492146592290,1492146592291,1492146592291,1492146592396,1492146592293,1492146592396,1492146592481,1492146592482,1492146592482,1492146592570,1492146592570,1492146596397,1492146596397,1492146596402
1492146678611,0,0,0,0,1492146678630,1492146680018,1492146680019,1492146680019,1492146680064,1492146680021,1492146680064,1492146680142,1492146680145,1492146680144,1492146680213,1492146680213,1492146681966,1492146681966,1492146681967
1492146766344,0,0,0,0,1492146766365,1492146768651,1492146768652,1492146768652,1492146768759,1492146768654,1492146768759,1492146768862,1492146768864,1492146768864,1492146768961,1492146768961,1492146771045,1492146771045,1492146771046
1492146867755,0,0,0,0,1492146867778,1492146869224,1492146869225,1492146869225,1492146869329,1492146869227,1492146869329,1492146869433,1492146869434,1492146869434,1492146869537,1492146869537,1492146871009,1492146871010,1492146871010
1492146955677,0,0,0,0,1492146955699,1492146958358,1492146958358,1492146958358,1492146958420,1492146958361,1492146958420,1492146958523,1492146958525,1492146958524,1492146958589,1492146958589,1492146960546,1492146960546,1492146960549
1492147052991,0,0,0,0,1492147053008,1492147055511,1492147055513,1492147055513,1492147055622,1492147055515,1492147055622,1492147055719,1492147055721,1492147055721,1492147055808,1492147055808,1492147057823,1492147057823,1492147057823
1492147153225,0,0,0,0,1492147153245,1492147155836,1492147155838,1492147155838,1492147155883,1492147155840,1492147155883,1492147155986,1492147155988,1492147155988,1492147156093,1492147156093,1492147159582,1492147159582,1492147159585
1492147255318,0,0,0,0,1492147255338,1492147257694,1492147257696,1492147257696,1492147257741,1492147257697,1492147257741,1492147257832,1492147257874,1492147257834,1492147257926,1492147257926,1492147259444,1492147259444,1492147259445
1492147354700,0,0,0,0,1492147354718,1492147357154,1492147357156,1492147357156,1492147357257,1492147357158,1492147357258,1492147357353,1492147357355,1492147357355,1492147357455,1492147357455,1492147360169,1492147360170,1492147360173
1492147456850,0,0,0,0,1492147456871,1492147459080,1492147459082,1492147459082,1492147459190,1492147459084,1492147459190,1492147459273,1492147459275,1492147459275,1492147459393,1492147459394,1492147461156,1492147461157,1492147461157
1492147565563,0,0,0,0,1492147565581,1492147568096,1492147568098,1492147568098,1492147568197,1492147568099,1492147568197,1492147568285,1492147568286,1492147568287,1492147568391,1492147568391,1492147570439,1492147570439,1492147570440
