link,navigationStart, unloadEventStart, unloadEventEnd, redirectStart, redirectEnd, fetchStart, domainLookupStart, domainLookupEnd, connectStart, connectEnd, secureConnectionStart, requestStart, responseStart, responseEnd, domLoading, domInteractive, domContentLoadedEventStart, domComplete, loadEventStart, loadEventEnd
1492198478147,0,0,0,0,1492198478162,1492198478993,1492198478995,1492198478995,1492198479017,1492198478996,1492198479017,1492198479022,1492198479030,1492198479023,1492198479059,1492198479059,0,0,0
1492198541834,0,0,0,0,1492198541852,1492198543397,1492198543398,1492198543398,1492198543420,1492198543400,1492198543420,1492198543425,1492198543435,1492198543427,1492198543604,1492198543604,0,0,0
1492198617748,0,0,0,0,1492198617765,1492198619211,1492198619233,1492198619233,1492198619255,1492198619235,1492198619255,1492198619342,1492198619350,1492198619344,1492198619619,1492198619619,1492198621706,1492198621706,1492198621710
1492198684488,0,0,0,0,1492198684507,1492198686897,1492198686899,1492198686899,1492198686920,1492198686900,1492198686920,1492198686925,1492198686935,1492198686927,1492198687128,1492198687128,0,0,0
1492198767380,0,0,0,0,1492198767399,1492198769983,1492198769984,1492198769984,1492198770005,1492198769985,1492198770006,1492198770090,1492198770099,1492198770091,1492198770338,1492198770338,0,0,0
1492198839605,0,0,0,0,1492198839623,1492198841575,1492198841596,1492198841596,1492198841618,1492198841598,1492198841618,1492198841624,1492198841631,1492198841626,1492198841652,1492198841652,0,0,0
1492198925023,0,0,0,0,1492198925040,1492198927705,1492198927731,1492198927731,1492198927755,1492198927733,1492198927756,1492198927838,1492198927850,1492198927839,1492198928116,1492198928116,0,0,0
1492199000608,0,0,0,0,1492199000626,1492199002812,1492199002814,1492199002814,1492199002835,1492199002815,1492199002835,1492199002840,1492199002849,1492199002841,1492199003269,1492199003269,0,0,0
1492199080852,0,0,0,0,1492199080872,1492199083532,1492199083534,1492199083534,1492199083555,1492199083535,1492199083555,1492199083560,1492199083569,1492199083562,1492199083667,1492199083667,0,0,0
1492199159801,0,0,0,0,1492199159818,1492199162335,1492199162339,1492199162339,1492199162367,1492199162341,1492199162368,1492199162374,1492199162381,1492199162375,1492199162548,1492199162548,0,0,0
1492199245362,0,0,0,0,1492199245378,1492199248199,1492199248200,1492199248200,1492199248223,1492199248202,1492199248223,1492199248302,1492199248312,1492199248304,1492199248541,1492199248541,0,0,0
1492199326402,0,0,0,0,1492199326420,1492199328761,1492199328762,1492199328762,1492199328784,1492199328764,1492199328784,1492199328790,1492199328798,1492199328791,1492199329027,1492199329028,0,0,0
1492199411565,0,0,0,0,1492199411584,1492199414192,1492199414193,1492199414193,1492199414217,1492199414195,1492199414217,1492199414309,1492199414318,1492199414311,1492199414569,1492199414569,0,0,0
1492199475923,0,0,0,0,1492199475941,1492199477492,1492199477494,1492199477494,1492199477517,1492199477496,1492199477517,1492199477523,1492199477531,1492199477524,1492199477725,1492199477725,0,0,0
1492199565407,0,0,0,0,1492199565425,1492199567896,1492199567898,1492199567898,1492199567921,1492199567899,1492199567921,1492199567982,1492199567990,1492199567983,1492199568221,1492199568221,0,0,0
1492199636939,0,0,0,0,1492199636957,1492199639801,1492199639801,1492199639801,1492199639826,1492199639803,1492199639826,1492199639830,1492199639837,1492199639831,1492199639987,1492199639987,0,0,0
1492199724840,0,0,0,0,1492199724859,1492199727108,1492199727133,1492199727133,1492199727155,1492199727135,1492199727155,1492199727251,1492199727261,1492199727253,1492199727531,1492199727531,0,0,0
1492199799925,0,0,0,0,1492199799943,1492199802568,1492199802590,1492199802590,1492199802614,1492199802592,1492199802614,1492199802619,1492199802628,1492199802621,1492199802801,1492199802801,0,0,0
1492199884241,0,0,0,0,1492199884260,1492199886324,1492199886326,1492199886326,1492199886347,1492199886327,1492199886347,1492199886429,1492199886439,1492199886431,1492199886818,1492199886818,0,0,0
1492199962783,0,0,0,0,1492199962801,1492199964988,1492199964990,1492199964990,1492199965011,1492199964991,1492199965011,1492199965016,1492199965024,1492199965017,1492199965199,1492199965199,0,0,0
1492200037632,0,0,0,0,1492200037650,1492200040367,1492200040371,1492200040371,1492200040393,1492200040373,1492200040393,1492200040396,1492200040407,1492200040399,1492200040555,1492200040555,0,0,0
1492200119987,0,0,0,0,1492200120003,1492200122563,1492200122565,1492200122565,1492200122608,1492200122567,1492200122608,1492200122690,1492200122698,1492200122691,1492200122934,1492200122934,0,0,0
1492200195000,0,0,0,0,1492200195020,1492200196463,1492200196464,1492200196464,1492200196487,1492200196466,1492200196487,1492200196492,1492200196500,1492200196493,1492200196680,1492200196680,0,0,0
1492200271173,0,0,0,0,1492200271194,1492200273018,1492200273089,1492200273089,1492200273111,1492200273091,1492200273111,1492200273116,1492200273123,1492200273117,1492200273391,1492200273391,0,0,0
1492200350071,0,0,0,0,1492200350089,1492200352464,1492200352465,1492200352465,1492200352491,1492200352466,1492200352491,1492200352496,1492200352505,1492200352497,1492200352724,1492200352724,0,0,0
1492200428244,0,0,0,0,1492200428264,1492200430935,1492200430936,1492200430936,1492200430962,1492200430938,1492200430962,1492200431043,1492200431052,1492200431045,1492200431304,1492200431304,0,0,0
1492200502177,0,0,0,0,1492200502195,1492200502979,1492200503028,1492200503028,1492200503050,1492200503030,1492200503050,1492200503056,1492200503064,1492200503058,1492200503198,1492200503198,0,0,0
1492200576516,0,0,0,0,1492200576536,1492200578601,1492200578603,1492200578603,1492200578625,1492200578605,1492200578625,1492200578706,1492200578713,1492200578707,1492200578982,1492200578982,0,0,0
1492200654588,0,0,0,0,1492200654606,1492200656937,1492200656938,1492200656938,1492200656960,1492200656940,1492200656960,1492200656965,1492200656974,1492200656967,1492200657151,1492200657151,0,0,0
1492200727322,0,0,0,0,1492200727338,1492200729855,1492200729857,1492200729857,1492200729879,1492200729858,1492200729879,1492200730068,1492200730095,1492200730069,1492200730315,1492200730315,0,0,0
1492200792646,0,0,0,0,1492200792664,1492200793812,1492200793813,1492200793813,1492200793839,1492200793814,1492200793839,1492200793844,1492200793854,1492200793846,1492200793876,1492200793876,0,0,0
1492200875329,0,0,0,0,1492200875346,1492200877974,1492200877976,1492200877976,1492200877997,1492200877977,1492200877997,1492200878002,1492200878012,1492200878003,1492200878178,1492200878178,0,0,0
1492200963938,0,0,0,0,1492200963955,1492200966630,1492200966631,1492200966631,1492200966653,1492200966633,1492200966653,1492200966736,1492200966744,1492200966738,1492200966985,1492200966985,0,0,0
1492201030743,0,0,0,0,1492201030761,1492201032553,1492201032554,1492201032554,1492201032575,1492201032555,1492201032575,1492201032581,1492201032590,1492201032582,1492201033052,1492201033052,0,0,0
1492201105936,0,0,0,0,1492201105952,1492201108336,1492201110359,1492201110359,1492201110389,1492201110361,1492201110389,1492201110473,1492201110482,1492201110474,1492201110720,1492201110720,0,0,0
1492201180778,0,0,0,0,1492201180795,1492201183396,1492201183398,1492201183398,1492201183431,1492201183400,1492201183431,1492201183437,1492201183444,1492201183438,1492201183627,1492201183627,0,0,0
1492201255977,0,0,0,0,1492201255996,1492201258184,1492201258185,1492201258185,1492201258206,1492201258187,1492201258206,1492201258285,1492201258294,1492201258287,1492201258565,1492201258565,0,0,0
1492201332666,0,0,0,0,1492201332685,1492201334990,1492201334991,1492201334991,1492201335014,1492201334993,1492201335014,1492201335019,1492201335026,1492201335020,1492201335226,1492201335226,1492201337968,1492201337969,1492201338022
1492201414238,0,0,0,0,1492201414253,1492201416531,1492201416534,1492201416534,1492201416569,1492201416536,1492201416569,1492201416576,1492201416588,1492201416577,1492201416754,1492201416754,0,0,0
1492201486741,0,0,0,0,1492201486759,1492201487510,1492201487532,1492201487532,1492201487554,1492201487534,1492201487554,1492201487560,1492201487567,1492201487561,1492201487752,1492201487752,0,0,0
1492201565163,0,0,0,0,1492201565179,1492201566441,1492201566446,1492201566446,1492201566468,1492201566447,1492201566468,1492201566528,1492201566535,1492201566529,1492201566784,1492201566784,0,0,0
1492201642351,0,0,0,0,1492201642371,1492201645207,1492201645208,1492201645208,1492201645231,1492201645210,1492201645232,1492201645238,1492201645246,1492201645239,1492201645449,1492201645449,0,0,0
1492201726563,0,0,0,0,1492201726582,1492201729208,1492201729234,1492201729234,1492201729256,1492201729237,1492201729256,1492201729342,1492201729350,1492201729343,1492201729582,1492201729582,0,0,0
1492201805028,0,0,0,0,1492201805046,1492201807941,1492201807942,1492201807942,1492201807964,1492201807944,1492201807964,1492201807970,1492201807978,1492201807971,1492201808144,1492201808144,0,0,0
1492201883801,0,0,0,0,1492201883820,1492201886134,1492201886136,1492201886136,1492201886161,1492201886138,1492201886161,1492201886167,1492201886176,1492201886169,1492201886195,1492201886195,0,0,0
1492201961500,0,0,0,0,1492201961518,1492201963400,1492201963401,1492201963401,1492201963424,1492201963403,1492201963424,1492201963428,1492201963438,1492201963429,1492201963701,1492201963701,0,0,0
1492202030698,0,0,0,0,1492202030718,1492202031799,1492202031826,1492202031826,1492202031849,1492202031827,1492202031850,1492202031855,1492202031862,1492202031856,1492202032023,1492202032023,0,0,0
1492202100350,0,0,0,0,1492202100372,1492202102928,1492202102930,1492202102930,1492202102951,1492202102932,1492202102951,1492202102957,1492202102964,1492202102958,1492202103144,1492202103144,0,0,0
1492202185935,0,0,0,0,1492202185953,1492202188059,1492202188061,1492202188061,1492202188087,1492202188062,1492202188087,1492202188173,1492202188182,1492202188175,1492202188429,1492202188429,0,0,0
1492202251008,0,0,0,0,1492202251024,1492202252530,1492202252532,1492202252532,1492202252554,1492202252533,1492202252554,1492202252559,1492202252567,1492202252560,1492202252758,1492202252758,0,0,0
1492202324781,0,0,0,0,1492202324798,1492202327720,1492202327721,1492202327721,1492202327743,1492202327723,1492202327743,1492202327828,1492202327837,1492202327830,1492202328102,1492202328102,0,0,0
1492202400784,0,0,0,0,1492202400805,1492202403337,1492202403339,1492202403339,1492202403362,1492202403341,1492202403362,1492202403368,1492202403379,1492202403369,1492202403569,1492202403569,0,0,0
1492202489201,0,0,0,0,1492202489218,1492202490735,1492202490737,1492202490737,1492202490757,1492202490738,1492202490757,1492202490836,1492202490842,1492202490837,1492202491108,1492202491108,0,0,0
1492202556149,0,0,0,0,1492202556169,1492202558437,1492202558590,1492202558590,1492202558612,1492202558592,1492202558612,1492202558620,1492202558629,1492202558621,1492202558778,1492202558779,0,0,0
1492202637023,0,0,0,0,1492202637042,1492202639397,1492202639398,1492202639398,1492202639419,1492202639399,1492202639419,1492202639498,1492202639507,1492202639500,1492202639758,1492202639758,0,0,0
1492202702013,0,0,1492202702032,1492202703935,1492202703935,1492202703935,1492202703935,1492202703935,1492202703935,0,1492202703936,1492202703940,1492202703949,1492202703941,1492202704116,1492202704116,0,0,0
1492202775932,0,0,0,0,1492202775951,1492202778217,1492202778221,1492202778221,1492202778244,1492202778223,1492202778244,1492202778251,1492202778260,1492202778252,1492202778337,1492202778337,0,0,0
1492202854315,0,0,0,0,1492202854334,1492202856377,1492202856378,1492202856378,1492202856401,1492202856379,1492202856401,1492202856488,1492202856495,1492202856489,1492202856753,1492202856753,0,0,0
1492202935511,0,0,0,0,1492202935532,1492202937861,1492202937862,1492202937862,1492202937883,1492202937863,1492202937883,1492202937889,1492202937897,1492202937890,1492202937935,1492202937935,1492202940592,1492202940592,1492202940638
1492203020819,0,0,0,0,1492203020836,1492203023154,1492203023155,1492203023155,1492203023179,1492203023157,1492203023179,1492203023262,1492203023271,1492203023263,1492203023505,1492203023505,0,0,0
1492203092550,0,0,0,0,1492203092569,1492203094632,1492203094633,1492203094633,1492203094654,1492203094635,1492203094654,1492203094659,1492203094667,1492203094660,1492203094841,1492203094841,0,0,0
1492203162389,0,0,0,0,1492203162407,1492203163556,1492203163557,1492203163557,1492203163579,1492203163559,1492203163579,1492203163584,1492203163593,1492203163585,1492203163743,1492203163743,0,0,0
1492203238132,0,0,0,0,1492203238148,1492203239792,1492203239793,1492203239793,1492203239814,1492203239794,1492203239814,1492203239819,1492203239827,1492203239820,1492203239970,1492203239970,0,0,0
1492203318699,0,0,0,0,1492203318718,1492203321413,1492203321415,1492203321415,1492203321439,1492203321417,1492203321439,1492203321444,1492203321453,1492203321445,1492203321671,1492203321671,0,0,0
1492203396633,0,0,0,0,1492203396649,1492203399261,1492203399262,1492203399262,1492203399284,1492203399264,1492203399284,1492203399291,1492203399299,1492203399292,1492203399468,1492203399468,0,0,0
1492203476103,0,0,0,0,1492203476121,1492203478796,1492203478798,1492203478798,1492203478822,1492203478800,1492203478822,1492203478899,1492203478906,1492203478901,1492203479159,1492203479159,0,0,0
1492203553550,0,0,0,0,1492203553569,1492203555549,1492203555550,1492203555550,1492203555574,1492203555551,1492203555575,1492203555580,1492203555587,1492203555581,1492203555725,1492203555725,0,0,0
1492203624871,0,0,0,0,1492203624893,1492203626364,1492203626385,1492203626385,1492203626407,1492203626386,1492203626407,1492203626413,1492203626422,1492203626415,1492203626598,1492203626598,0,0,0
1492203690218,0,0,0,0,1492203690239,1492203692711,1492203692711,1492203692711,1492203692733,1492203692713,1492203692733,1492203692739,1492203692748,1492203692741,1492203692899,1492203692899,0,0,0
1492203774392,0,0,0,0,1492203774411,1492203776671,1492203776673,1492203776673,1492203776697,1492203776674,1492203776697,1492203776759,1492203776771,1492203776760,1492203777041,1492203777041,0,0,0
1492203852104,0,0,0,0,1492203852123,1492203854330,1492203854331,1492203854331,1492203854353,1492203854333,1492203854353,1492203854358,1492203854366,1492203854359,1492203854541,1492203854541,0,0,0
1492203934349,0,0,0,0,1492203934365,1492203936596,1492203936600,1492203936600,1492203936622,1492203936602,1492203936622,1492203936627,1492203936635,1492203936628,1492203936915,1492203936915,0,0,0
1492204012622,0,0,0,0,1492204012641,1492204014936,1492204014938,1492204014938,1492204014959,1492204014939,1492204014959,1492204014964,1492204014975,1492204014966,1492204015052,1492204015052,0,0,0
1492204093389,0,0,0,0,1492204093405,1492204095747,1492204095748,1492204095748,1492204095770,1492204095749,1492204095770,1492204095853,1492204095861,1492204095854,1492204096139,1492204096139,0,0,0
1492204166082,0,0,0,0,1492204166101,1492204168069,1492204168070,1492204168070,1492204168091,1492204168071,1492204168092,1492204168097,1492204168105,1492204168098,1492204168289,1492204168289,0,0,0
1492204241075,0,0,0,0,1492204241094,1492204243125,1492204243139,1492204243139,1492204243163,1492204243140,1492204243163,1492204243209,1492204243217,1492204243210,1492204243475,1492204243475,0,0,0
1492204315673,0,0,0,0,1492204315692,1492204317597,1492204317598,1492204317598,1492204317620,1492204317600,1492204317620,1492204317626,1492204317632,1492204317627,1492204317667,1492204317667,0,0,0
1492204395271,0,0,0,0,1492204395290,1492204397932,1492204397933,1492204397933,1492204397955,1492204397935,1492204397955,1492204398044,1492204398053,1492204398045,1492204398297,1492204398297,0,0,0
1492204469407,0,0,0,0,1492204469428,1492204471381,1492204471382,1492204471382,1492204471410,1492204471384,1492204471410,1492204471415,1492204471424,1492204471417,1492204471744,1492204471744,0,0,0
1492204549240,0,0,0,0,1492204549260,1492204551655,1492204551656,1492204551656,1492204551677,1492204551658,1492204551677,1492204551764,1492204551772,1492204551765,1492204552021,1492204552021,0,0,0
1492204630638,0,0,0,0,1492204630656,1492204633401,1492204633401,1492204633401,1492204633422,1492204633403,1492204633423,1492204633429,1492204633437,1492204633430,1492204633607,1492204633607,0,0,0
1492204715910,0,0,0,0,1492204715928,1492204718259,1492204718259,1492204718259,1492204718283,1492204718261,1492204718283,1492204718331,1492204718338,1492204718333,1492204718585,1492204718585,0,0,0
1492204793699,0,0,0,0,1492204793716,1492204795814,1492204795815,1492204795815,1492204795838,1492204795817,1492204795838,1492204795843,1492204795851,1492204795844,1492204796038,1492204796038,0,0,0
1492204880274,0,0,0,0,1492204880290,1492204882913,1492204882914,1492204882914,1492204882936,1492204882916,1492204882936,1492204883018,1492204883026,1492204883020,1492204883267,1492204883267,0,0,0
1492204958238,0,0,0,0,1492204958256,1492204960529,1492204960550,1492204960550,1492204960571,1492204960552,1492204960571,1492204960580,1492204960589,1492204960581,1492204960778,1492204960778,0,0,0
1492205039831,0,0,0,0,1492205039850,1492205042376,1492205042377,1492205042377,1492205042399,1492205042379,1492205042399,1492205042406,1492205042418,1492205042407,1492205042600,1492205042600,0,0,0
1492205126798,0,0,0,0,1492205126815,1492205128986,1492205128987,1492205128987,1492205129009,1492205128988,1492205129009,1492205129091,1492205129099,1492205129092,1492205129337,1492205129337,0,0,0
1492205203496,0,0,0,0,1492205203516,1492205205977,1492205205978,1492205205978,1492205206000,1492205205980,1492205206000,1492205206005,1492205206014,1492205206006,1492205206191,1492205206191,0,0,0
1492205290078,0,0,0,0,1492205290096,1492205292473,1492205292474,1492205292474,1492205292497,1492205292476,1492205292497,1492205292582,1492205292591,1492205292584,1492205292870,1492205292870,0,0,0
1492205386501,0,0,0,0,1492205386520,1492205388594,1492205388595,1492205388595,1492205388640,1492205388598,1492205388640,1492205388688,1492205388696,1492205388689,1492205389521,1492205389521,0,0,0
1492205489184,0,0,1492205489202,1492205490621,1492205490621,1492205490621,1492205490621,1492205490621,1492205490621,0,1492205490622,1492205490666,1492205490668,1492205490667,1492205490878,1492205490878,0,0,0
1492205575446,0,0,0,0,1492205575463,1492205577673,1492205577674,1492205577674,1492205577716,1492205577676,1492205577716,1492205577765,1492205577774,1492205577767,1492205578617,1492205578617,0,0,0
1492205671837,0,0,1492205671855,1492205674456,1492205674456,1492205674456,1492205674456,1492205674456,1492205674456,0,1492205674456,1492205674516,1492205674518,1492205674517,1492205674753,1492205674753,0,0,0
1492205770832,0,0,0,0,1492205770851,1492205772738,1492205772739,1492205772739,1492205772787,1492205772741,1492205772787,1492205772836,1492205772840,1492205772838,1492205773647,1492205773647,0,0,0
1492205869939,0,0,0,0,1492205869959,1492205872513,1492205872514,1492205872514,1492205872557,1492205872516,1492205872557,1492205872603,1492205872612,1492205872605,1492205873292,1492205873292,0,0,0
1492205964326,0,0,0,0,1492205964346,1492205966653,1492205966654,1492205966654,1492205966948,1492205966656,1492205966948,1492205966995,1492205966999,1492205966996,1492205967729,1492205967729,0,0,0
1492206075677,0,0,0,0,1492206075697,1492206077734,1492206077735,1492206077735,1492206077778,1492206077737,1492206077778,1492206077827,1492206077916,1492206077829,1492206078661,1492206078661,0,0,0
1492206171325,0,0,0,0,1492206171341,1492206173335,1492206173336,1492206173336,1492206173381,1492206173338,1492206173381,1492206173429,1492206173433,1492206173430,1492206174255,1492206174255,0,0,0
1492206267632,0,0,0,0,1492206267653,1492206269921,1492206269922,1492206269922,1492206269984,1492206269933,1492206269984,1492206270033,1492206270041,1492206270035,1492206270835,1492206270835,0,0,0
1492206373408,0,0,0,0,1492206373429,1492206375537,1492206375539,1492206375539,1492206375601,1492206375541,1492206375601,1492206375652,1492206375662,1492206375654,1492206376383,1492206376383,0,0,0
1492206467806,0,0,1492206467825,1492206470548,1492206470548,1492206470548,1492206470548,1492206470548,1492206470548,0,1492206470548,1492206470608,1492206470608,1492206470609,1492206470825,1492206470825,0,0,0
1492206556171,0,0,0,0,1492206556193,1492206557590,1492206557591,1492206557591,1492206557634,1492206557593,1492206557634,1492206557685,1492206557697,1492206557686,1492206558574,1492206558574,1492206562520,1492206562520,1492206562605
1492206657519,0,0,0,0,1492206657540,1492206659983,1492206659984,1492206659984,1492206660059,1492206659986,1492206660059,1492206660107,1492206660118,1492206660108,1492206660809,1492206660809,0,0,0
1492206767263,0,0,0,0,1492206767283,1492206769534,1492206769539,1492206769539,1492206769580,1492206769541,1492206769581,1492206769628,1492206769635,1492206769630,1492206770499,1492206770499,0,0,0
1492206853958,0,0,0,0,1492206853978,1492206856497,1492206856499,1492206856499,1492206856564,1492206856501,1492206856564,1492206856612,1492206856625,1492206856613,1492206857389,1492206857389,0,0,0
1492206952075,0,0,0,0,1492206952094,1492206954579,1492206954580,1492206954580,1492206954620,1492206954581,1492206954621,1492206955175,1492206955184,1492206955178,1492206955987,1492206955987,0,0,0
1492207054015,0,0,0,0,1492207054036,1492207056649,1492207056651,1492207056651,1492207056693,1492207056653,1492207056693,1492207056740,1492207056749,1492207056741,1492207057288,1492207057288,0,0,0
1492207150748,0,0,0,0,1492207150768,1492207152912,1492207152914,1492207152914,1492207152968,1492207152916,1492207152968,1492207153015,1492207153029,1492207153016,1492207153837,1492207153837,0,0,0
1492207258802,0,0,0,0,1492207258820,1492207261369,1492207261370,1492207261370,1492207261412,1492207261372,1492207261412,1492207261464,1492207261501,1492207261465,1492207262377,1492207262377,0,0,0
1492207368851,0,0,0,0,1492207368869,1492207371231,1492207371233,1492207371233,1492207371280,1492207371235,1492207371280,1492207371336,1492207371348,1492207371337,1492207372212,1492207372212,0,0,0
1492207475588,0,0,0,0,1492207475605,1492207477569,1492207477570,1492207477570,1492207477617,1492207477572,1492207477617,1492207477665,1492207477674,1492207477667,1492207478534,1492207478534,0,0,0
1492207565714,0,0,0,0,1492207565735,1492207567959,1492207567960,1492207567960,1492207568008,1492207567962,1492207568008,1492207568057,1492207568062,1492207568058,1492207568789,1492207568789,0,0,0
1492207665399,0,0,0,0,1492207665418,1492207667612,1492207667613,1492207667613,1492207667654,1492207667614,1492207667654,1492207667700,1492207667717,1492207667701,1492207668696,1492207668696,0,0,0
1492207893292,0,0,0,0,1492207893318,1492207895167,1492207895168,1492207895168,1492207895213,1492207895170,1492207895213,1492207895262,1492207895267,1492207895263,1492207895976,1492207895976,0,0,0
1492207988163,0,0,0,0,1492207988182,1492207990891,1492207990892,1492207990892,1492207990936,1492207990894,1492207990936,1492207990985,1492207990989,1492207990986,1492207991782,1492207991782,0,0,0
1492208084200,0,0,0,0,1492208084219,1492208086573,1492208086574,1492208086574,1492208086624,1492208086576,1492208086625,1492208086672,1492208086684,1492208086673,1492208087408,1492208087408,0,0,0
1492208191362,0,0,0,0,1492208191382,1492208193654,1492208193655,1492208193655,1492208193758,1492208193657,1492208193758,1492208193805,1492208193811,1492208193806,1492208194526,1492208194526,0,0,0
1492208288800,0,0,0,0,1492208288819,1492208291091,1492208291120,1492208291120,1492208291161,1492208291122,1492208291161,1492208291208,1492208291214,1492208291210,1492208292032,1492208292032,0,0,0
1492208381919,0,0,0,0,1492208381943,1492208384462,1492208384464,1492208384464,1492208384512,1492208384466,1492208384512,1492208384562,1492208384569,1492208384563,1492208385558,1492208385558,0,0,0
1492208486913,0,0,0,0,1492208486932,1492208489248,1492208489249,1492208489249,1492208489542,1492208489251,1492208489542,1492208489591,1492208489601,1492208489592,1492208490384,1492208490384,0,0,0
1492208580871,0,0,0,0,1492208580896,1492208583336,1492208583337,1492208583337,1492208583380,1492208583339,1492208583380,1492208583428,1492208583435,1492208583429,1492208584248,1492208584248,0,0,0
1492208676685,0,0,1492208676706,1492208679460,1492208679460,1492208679460,1492208679460,1492208679460,1492208679460,0,1492208679460,1492208679506,1492208679508,1492208679507,1492208679723,1492208679723,0,0,0
1492208770836,0,0,0,0,1492208770854,1492208772232,1492208772254,1492208772254,1492208772298,1492208772256,1492208772298,1492208772347,1492208772356,1492208772348,1492208773066,1492208773066,1492208777256,1492208777256,1492208777339
1492208872677,0,0,0,0,1492208872695,1492208875204,1492208875226,1492208875226,1492208875275,1492208875228,1492208875275,1492208875328,1492208875476,1492208875329,1492208876167,1492208876167,0,0,0
1492208975693,0,0,0,0,1492208975710,1492208977918,1492208977919,1492208977919,1492208977965,1492208977921,1492208977965,1492208978012,1492208978023,1492208978013,1492208978786,1492208978786,0,0,0
1492209069831,0,0,0,0,1492209069850,1492209072294,1492209072296,1492209072296,1492209072398,1492209072298,1492209072398,1492209072452,1492209072463,1492209072453,0,0,0,0,0
1492209162465,0,0,0,0,1492209162482,1492209164642,1492209164644,1492209164644,1492209164686,1492209164645,1492209164686,1492209164732,1492209164736,1492209164734,1492209165708,1492209165708,0,0,0
1492209258320,0,0,0,0,1492209258339,1492209260875,1492209260904,1492209260904,1492209260944,1492209260905,1492209260944,1492209261380,1492209261384,1492209261382,1492209262357,1492209262357,0,0,0
1492209360706,0,0,0,0,1492209360725,1492209362816,1492209362817,1492209362817,1492209362857,1492209362819,1492209362857,1492209362904,1492209362911,1492209362905,1492209363581,1492209363581,0,0,0
1492209450063,0,0,0,0,1492209450084,1492209451720,1492209451721,1492209451721,1492209451763,1492209451723,1492209451763,1492209451810,1492209451814,1492209451812,1492209452431,1492209452431,0,0,0
1492209542621,0,0,0,0,1492209542642,1492209545146,1492209545146,1492209545146,1492209545200,1492209545148,1492209545200,1492209545249,1492209545260,1492209545250,1492209545950,1492209545950,0,0,0
1492209652979,0,0,0,0,1492209653002,1492209655214,1492209655216,1492209655216,1492209655258,1492209655218,1492209655258,1492209655306,1492209655310,1492209655307,1492209656138,1492209656138,0,0,0
1492209750827,0,0,0,0,1492209750845,1492209753395,1492209753396,1492209753396,1492209753497,1492209753398,1492209753497,1492209753553,1492209753557,1492209753554,1492209754359,1492209754359,0,0,0
1492209845251,0,0,0,0,1492209845270,1492209847153,1492209847154,1492209847154,1492209847196,1492209847155,1492209847196,1492209847244,1492209847252,1492209847245,1492209847963,1492209847963,0,0,0
1492209948057,0,0,0,0,1492209948076,1492209950949,1492209950951,1492209950951,1492209951061,1492209950954,1492209951061,1492209951108,1492209951120,1492209951110,1492209952022,1492209952022,0,0,0
1492210054696,0,0,0,0,1492210054715,1492210056144,1492210056145,1492210056145,1492210056188,1492210056147,1492210056188,1492210056237,1492210056247,1492210056238,1492210057056,1492210057056,0,0,0
1492210149279,0,0,0,0,1492210149300,1492210151591,1492210151592,1492210151592,1492210151658,1492210151594,1492210151658,1492210152204,1492210152209,1492210152205,1492210152887,1492210152887,0,0,0
1492210251577,0,0,0,0,1492210251595,1492210253642,1492210253643,1492210253643,1492210253740,1492210253644,1492210253740,1492210253846,1492210253859,1492210253847,1492210254796,1492210254796,0,0,0
1492210352731,0,0,0,0,1492210352751,1492210355070,1492210355072,1492210355072,1492210355132,1492210355074,1492210355132,1492210355179,1492210355189,1492210355180,1492210356039,1492210356039,0,0,0
1492210452325,0,0,0,0,1492210452347,1492210455194,1492210455196,1492210455196,1492210455257,1492210455198,1492210455257,1492210455305,1492210455310,1492210455307,1492210456074,1492210456074,0,0,0
1492210559949,0,0,0,0,1492210559967,1492210562503,1492210562505,1492210562505,1492210562551,1492210562507,1492210562551,1492210562597,1492210562605,1492210562598,1492210563234,1492210563234,0,0,0
1492210664459,0,0,1492210664479,1492210667174,1492210667174,1492210667174,1492210667174,1492210667174,1492210667174,0,1492210667174,1492210667218,1492210667219,1492210667219,1492210667433,1492210667433,0,0,0
1492210763961,0,0,0,0,1492210763979,1492210766482,1492210766483,1492210766483,1492210766525,1492210766485,1492210766525,1492210766585,1492210766590,1492210766586,1492210767360,1492210767360,0,0,0
1492210876009,0,0,0,0,1492210876032,1492210878291,1492210878292,1492210878292,1492210878339,1492210878294,1492210878339,1492210878387,1492210878395,1492210878388,1492210879201,1492210879201,0,0,0
1492210980016,0,0,0,0,1492210980037,1492210982531,1492210982532,1492210982532,1492210982578,1492210982535,1492210982578,1492210982626,1492210982634,1492210982628,1492210983483,1492210983483,0,0,0
1492211088389,0,0,0,0,1492211088413,1492211090599,1492211090600,1492211090600,1492211090698,1492211090602,1492211090698,1492211090747,1492211090785,1492211090748,1492211091576,1492211091576,0,0,0
1492211196536,0,0,0,0,1492211196555,1492211198284,1492211198286,1492211198286,1492211198386,1492211198287,1492211198386,1492211198433,1492211198443,1492211198434,1492211199203,1492211199203,0,0,0
1492211296971,0,0,0,0,1492211296990,1492211299335,1492211299336,1492211299336,1492211299394,1492211299338,1492211299394,1492211299445,1492211299455,1492211299446,1492211300129,1492211300129,0,0,0
1492211420422,0,0,0,0,1492211420440,1492211422279,1492211422284,1492211422284,1492211422336,1492211422286,1492211422336,1492211422383,1492211422415,1492211422384,1492211423716,1492211423716,0,0,0
1492211531984,0,0,0,0,1492211532004,1492211533741,1492211533742,1492211533742,1492211533785,1492211533744,1492211533785,1492211533833,1492211533838,1492211533835,1492211534524,1492211534524,0,0,0
1492211634284,0,0,0,0,1492211634308,1492211636568,1492211636569,1492211636569,1492211636620,1492211636571,1492211636620,1492211636668,1492211636674,1492211636669,1492211637583,1492211637583,0,0,0
1492211740001,0,0,0,0,1492211740021,1492211742607,1492211742608,1492211742608,1492211742652,1492211742610,1492211742652,1492211743127,1492211743135,1492211743129,1492211743882,1492211743882,1492211748249,1492211748249,1492211748333
1492211839479,0,0,0,0,1492211839500,1492211842073,1492211842074,1492211842074,1492211842137,1492211842076,1492211842137,1492211842185,1492211842195,1492211842186,1492211842689,1492211842689,0,0,0
1492211941456,0,0,0,0,1492211941474,1492211943403,1492211943405,1492211943405,1492211943451,1492211943407,1492211943451,1492211943497,1492211943506,1492211943499,1492211944375,1492211944375,0,0,0
1492212038487,0,0,0,0,1492212038506,1492212040653,1492212040654,1492212040654,1492212040695,1492212040656,1492212040695,1492212040741,1492212040749,1492212040742,1492212041581,1492212041581,0,0,0
1492212127137,0,0,1492212127159,1492212129019,1492212129019,1492212129019,1492212129019,1492212129019,1492212129019,0,1492212129019,1492212129068,1492212129069,1492212129069,1492212129285,1492212129285,0,0,0
1492212232718,0,0,0,0,1492212232740,1492212235085,1492212235086,1492212235086,1492212235146,1492212235088,1492212235146,1492212235610,1492212235614,1492212235612,1492212236316,1492212236316,0,0,0
1492212326362,0,0,0,0,1492212326381,1492212328489,1492212328490,1492212328490,1492212328543,1492212328492,1492212328543,1492212328589,1492212328599,1492212328590,1492212329309,1492212329309,0,0,0
1492212431433,0,0,0,0,1492212431450,1492212433497,1492212433499,1492212433499,1492212433597,1492212433501,1492212433597,1492212433647,1492212433655,1492212433648,1492212434452,1492212434452,1492212440145,1492212440145,1492212440234
1492212535040,0,0,0,0,1492212535060,1492212536869,1492212536870,1492212536870,1492212536915,1492212536873,1492212536915,1492212536962,1492212536971,1492212536963,1492212537908,1492212537908,1492212543558,1492212543558,1492212543641
1492212632799,0,0,0,0,1492212632814,1492212635123,1492212635124,1492212635124,1492212635175,1492212635126,1492212635175,1492212635225,1492212635236,1492212635226,1492212635941,1492212635941,0,0,0
1492212745526,0,0,0,0,1492212745546,1492212747822,1492212747823,1492212747823,1492212747867,1492212747824,1492212747867,1492212747921,1492212747935,1492212747923,1492212748740,1492212748740,0,0,0
1492212855507,0,0,1492212855528,1492212857912,1492212857912,1492212857912,1492212857912,1492212857912,1492212857912,0,1492212857912,1492212857961,1492212857962,1492212857962,1492212858187,1492212858187,0,0,0
1492212958711,0,0,1492212958730,1492212960843,1492212960843,1492212960843,1492212960843,1492212960843,1492212960843,0,1492212960844,1492212960893,1492212960893,1492212960894,1492212961121,1492212961121,0,0,0
1492213052388,0,0,0,0,1492213052411,1492213053963,1492213053964,1492213053964,1492213054256,1492213053966,1492213054256,1492213054303,1492213054309,1492213054304,1492213055093,1492213055093,1492213058502,1492213058502,1492213058585
1492213155620,0,0,0,0,1492213155639,1492213157674,1492213157675,1492213157675,1492213159746,1492213157677,1492213159746,1492213159797,1492213159806,1492213159799,1492213160589,1492213160589,0,0,0
1492213245380,0,0,0,0,1492213245402,1492213247915,1492213247916,1492213247916,1492213247973,1492213247917,1492213247973,1492213248424,1492213248428,1492213248425,1492213249183,1492213249183,0,0,0
1492213348367,0,0,0,0,1492213348385,1492213350793,1492213350795,1492213350795,1492213350892,1492213350796,1492213350892,1492213350938,1492213350943,1492213350939,1492213351714,1492213351714,0,0,0
1492213456679,0,0,0,0,1492213456699,1492213458944,1492213458945,1492213458945,1492213458998,1492213458949,1492213458998,1492213459046,1492213459052,1492213459048,1492213460230,1492213460230,0,0,0
1492213561809,0,0,0,0,1492213561831,1492213563841,1492213563842,1492213563842,1492213563885,1492213563844,1492213563885,1492213563932,1492213563937,1492213563934,1492213564683,1492213564683,0,0,0
1492213668477,0,0,0,0,1492213668494,1492213670289,1492213670290,1492213670290,1492213670338,1492213670292,1492213670338,1492213670385,1492213670397,1492213670386,1492213671414,1492213671414,0,0,0
1492213765364,0,0,0,0,1492213765383,1492213767462,1492213767469,1492213767469,1492213767533,1492213767471,1492213767533,1492213767580,1492213767589,1492213767582,1492213768442,1492213768442,0,0,0
1492213871370,0,0,1492213871389,1492213873568,1492213873568,1492213873568,1492213873568,1492213873568,1492213873568,0,1492213873568,1492213873623,1492213873624,1492213873625,1492213873847,1492213873847,0,0,0
1492213984135,0,0,0,0,1492213984154,1492213985585,1492213985586,1492213985586,1492213985630,1492213985588,1492213985630,1492213985681,1492213985685,1492213985682,1492213986493,1492213986493,0,0,0
1492214103999,0,0,0,0,1492214104021,1492214106555,1492214106557,1492214106557,1492214106597,1492214106558,1492214106597,1492214106646,1492214106652,1492214106647,1492214107449,1492214107449,0,0,0
1492214212972,0,0,0,0,1492214212993,1492214215640,1492214215642,1492214215642,1492214215687,1492214215643,1492214215687,1492214216166,1492214216170,1492214216168,1492214216802,1492214216802,0,0,0
1492214307457,0,0,0,0,1492214307478,1492214309658,1492214309660,1492214309660,1492214309704,1492214309662,1492214309704,1492214309778,1492214309783,1492214309779,1492214310603,1492214310603,0,0,0
1492214395688,0,0,1492214395705,1492214398037,1492214398037,1492214398037,1492214398037,1492214398037,1492214398037,0,1492214398038,1492214398085,1492214398086,1492214398086,1492214398332,1492214398332,0,0,0
1492214489307,0,0,0,0,1492214489328,1492214491564,1492214491566,1492214491566,1492214491615,1492214491568,1492214491615,1492214491662,1492214491668,1492214491663,1492214492508,1492214492508,0,0,0
1492214594315,0,0,0,0,1492214594336,1492214597144,1492214597144,1492214597144,1492214597198,1492214597146,1492214597198,1492214597246,1492214597250,1492214597247,1492214597943,1492214597943,0,0,0
1492214694799,0,0,0,0,1492214694822,1492214696237,1492214696238,1492214696238,1492214696282,1492214696240,1492214696282,1492214696719,1492214696724,1492214696721,1492214697415,1492214697415,1492214701222,1492214701222,1492214701319
1492214800778,0,0,0,0,1492214800798,1492214802965,1492214802967,1492214802967,1492214803009,1492214802969,1492214803009,1492214803058,1492214803067,1492214803059,1492214803818,1492214803818,0,0,0
1492214906442,0,0,0,0,1492214906462,1492214908317,1492214908318,1492214908318,1492214908616,1492214908319,1492214908616,1492214908663,1492214908672,1492214908665,1492214909471,1492214909471,0,0,0
1492215011449,0,0,0,0,1492215011467,1492215013740,1492215013742,1492215013742,1492215013844,1492215013743,1492215013844,1492215014362,1492215014368,1492215014364,1492215015173,1492215015174,0,0,0
1492215117104,0,0,0,0,1492215117128,1492215119634,1492215119636,1492215119636,1492215119691,1492215119638,1492215119691,1492215119737,1492215119745,1492215119738,1492215120452,1492215120452,0,0,0
1492215222157,0,0,0,0,1492215222177,1492215223509,1492215223510,1492215223510,1492215223551,1492215223512,1492215223551,1492215223600,1492215223608,1492215223601,1492215224271,1492215224271,0,0,0
1492215316564,0,0,0,0,1492215316582,1492215318534,1492215318536,1492215318536,1492215318582,1492215318537,1492215318582,1492215318630,1492215318643,1492215318631,1492215319467,1492215319467,0,0,0
1492215420145,0,0,0,0,1492215420166,1492215423016,1492215423017,1492215423017,1492215423059,1492215423019,1492215423059,1492215423106,1492215423113,1492215423108,1492215423849,1492215423849,0,0,0
1492215539752,0,0,1492215539774,1492215541988,1492215541988,1492215541988,1492215541988,1492215541988,1492215541988,0,1492215541989,1492215542037,1492215542038,1492215542038,1492215542260,1492215542260,0,0,0
1492215633221,0,0,0,0,1492215633245,1492215635089,1492215635090,1492215635090,1492215635174,1492215635091,1492215635174,1492215635220,1492215635228,1492215635222,1492215635974,1492215635974,0,0,0
1492215726570,0,0,0,0,1492215726589,1492215728445,1492215728450,1492215728450,1492215728494,1492215728452,1492215728494,1492215728540,1492215728550,1492215728542,1492215729178,1492215729178,0,0,0
1492215828666,0,0,0,0,1492215828685,1492215830566,1492215830567,1492215830567,1492215830863,1492215830569,1492215830863,1492215830913,1492215830923,1492215830914,1492215831649,1492215831649,0,0,0
1492215930383,0,0,0,0,1492215930401,1492215933032,1492215933034,1492215933034,1492215933079,1492215933035,1492215933079,1492215933126,1492215933132,1492215933127,1492215933912,1492215933912,0,0,0
1492216034229,0,0,0,0,1492216034250,1492216036925,1492216036926,1492216036926,1492216036967,1492216036927,1492216036967,1492216037015,1492216037020,1492216037017,1492216038060,1492216038060,0,0,0
1492216137550,0,0,0,0,1492216137574,1492216139728,1492216139729,1492216139729,1492216139770,1492216139731,1492216139770,1492216139817,1492216139825,1492216139819,1492216140729,1492216140729,0,0,0
1492216232654,0,0,0,0,1492216232672,1492216235311,1492216235312,1492216235312,1492216235365,1492216235314,1492216235365,1492216235417,1492216235421,1492216235418,1492216236141,1492216236141,0,0,0
1492216332401,0,0,0,0,1492216332419,1492216334681,1492216334682,1492216334682,1492216334733,1492216334684,1492216334733,1492216334781,1492216334787,1492216334782,1492216335500,1492216335500,1492216339634,1492216339634,1492216339715
1492216432659,0,0,0,0,1492216432676,1492216434162,1492216434163,1492216434163,1492216434215,1492216434165,1492216434215,1492216434641,1492216434645,1492216434643,1492216435395,1492216435395,0,0,0
1492216594235,0,0,0,0,1492216594255,1492216595957,1492216595958,1492216595958,1492216596002,1492216595960,1492216596002,1492216596050,1492216596056,1492216596051,1492216596868,1492216596868,1492216608677,1492216608677,1492216608686
1492216704618,0,0,0,0,1492216704644,1492216707705,1492216707705,1492216707705,1492216707746,1492216707707,1492216707746,1492216707798,1492216707809,1492216707799,1492216708515,1492216708515,0,0,0
1492216801900,0,0,0,0,1492216801920,1492216804828,1492216804829,1492216804829,1492216804878,1492216804832,1492216804878,1492216804926,1492216804941,1492216804928,0,0,0,0,0
1492216901574,0,0,0,0,1492216901591,1492216903900,1492216903901,1492216903901,1492216903944,1492216903903,1492216903944,1492216904389,1492216904392,1492216904390,1492216905132,1492216905132,0,0,0
1492217009311,0,0,0,0,1492217009328,1492217011989,1492217011990,1492217011990,1492217012041,1492217011992,1492217012041,1492217012090,1492217012095,1492217012091,1492217012802,1492217012802,0,0,0
1492217114342,0,0,0,0,1492217114361,1492217116530,1492217116532,1492217116532,1492217116577,1492217116534,1492217116577,1492217116626,1492217116637,1492217116628,1492217117550,1492217117550,0,0,0
1492217222045,0,0,0,0,1492217222064,1492217223977,1492217223979,1492217223979,1492217224020,1492217223981,1492217224020,1492217224065,1492217224075,1492217224067,1492217224873,1492217224873,0,0,0
1492217328277,0,0,0,0,1492217328296,1492217330502,1492217330506,1492217330506,1492217330550,1492217330508,1492217330550,1492217331066,1492217331071,1492217331067,1492217331736,1492217331736,0,0,0
1492217428787,0,0,1492217428807,1492217431273,1492217431273,1492217431273,1492217431273,1492217431273,1492217431273,0,1492217431274,1492217431322,1492217431323,1492217431323,1492217431562,1492217431562,0,0,0
1492217529565,0,0,1492217529584,1492217531857,1492217531857,1492217531857,1492217531857,1492217531857,1492217531857,0,1492217531858,1492217531906,1492217531907,1492217531907,1492217532287,1492217532287,0,0,0
1492217630744,0,0,0,0,1492217630764,1492217633291,1492217633293,1492217633293,1492217633340,1492217633294,1492217633340,1492217633388,1492217633394,1492217633389,1492217634113,1492217634113,0,0,0
1492217727935,0,0,0,0,1492217727956,1492217730189,1492217730190,1492217730190,1492217730232,1492217730192,1492217730232,1492217730268,1492217730277,1492217730270,1492217731336,1492217731336,0,0,0
1492217834456,0,0,0,0,1492217834474,1492217836801,1492217836802,1492217836802,1492217836848,1492217836804,1492217836848,1492217836895,1492217836905,1492217836897,1492217837777,1492217837777,1492217847049,1492217847049,1492217847056
1492217952762,0,0,0,0,1492217952778,1492217955751,1492217955752,1492217955752,1492217955792,1492217955754,1492217955792,1492217955845,1492217955856,1492217955846,1492217956742,1492217956742,0,0,0
1492218049479,0,0,0,0,1492218049499,1492218051118,1492218051120,1492218051120,1492218051210,1492218051167,1492218051210,1492218051262,1492218051269,1492218051263,1492218052180,1492218052180,0,0,0
1492218152379,0,0,0,0,1492218152397,1492218154535,1492218154535,1492218154535,1492218154580,1492218154537,1492218154580,1492218154628,1492218154649,1492218154629,1492218155402,1492218155402,0,0,0
1492218273167,0,0,0,0,1492218273186,1492218275406,1492218275411,1492218275411,1492218275457,1492218275413,1492218275457,1492218275510,1492218275522,1492218275511,1492218276238,1492218276238,0,0,0
1492218385325,0,0,0,0,1492218385348,1492218387891,1492218387914,1492218387914,1492218387958,1492218387915,1492218387958,1492218388004,1492218388016,1492218388006,1492218388986,1492218388987,0,0,0
1492218495712,0,0,0,0,1492218495731,1492218497902,1492218497904,1492218497904,1492218498199,1492218497906,1492218498199,1492218498246,1492218498251,1492218498248,1492218498977,1492218498977,0,0,0
1492218604887,0,0,1492218604908,1492218607725,1492218607725,1492218607725,1492218607725,1492218607725,1492218607725,0,1492218607724,1492218607775,1492218607777,1492218607778,1492218608003,1492218608003,0,0,0
1492218698519,0,0,0,0,1492218698539,1492218700777,1492218700779,1492218700779,1492218700839,1492218700781,1492218700839,1492218700887,1492218700890,1492218700888,1492218701535,1492218701535,0,0,0
1492218794915,0,0,0,0,1492218794932,1492218796353,1492218796354,1492218796354,1492218796397,1492218796356,1492218796397,1492218796444,1492218796450,1492218796446,1492218797297,1492218797297,0,0,0
1492218899359,0,0,0,0,1492218899382,1492218900585,1492218900586,1492218900586,1492218900629,1492218900588,1492218900629,1492218900678,1492218900687,1492218900680,1492218901541,1492218901541,0,0,0
1492219046226,0,0,0,0,1492219046247,1492219047773,1492219047775,1492219047775,1492219047824,1492219047776,1492219047824,1492219047880,1492219047892,1492219047881,1492219048844,1492219048844,0,0,0
1492219194531,0,0,0,0,1492219194550,1492219196215,1492219196215,1492219196215,1492219196258,1492219196217,1492219196259,1492219196307,1492219196312,1492219196308,1492219197081,1492219197081,1492219210987,1492219210987,1492219210997
1492219312545,0,0,0,0,1492219312568,1492219314898,1492219314899,1492219314899,1492219314945,1492219314901,1492219314945,1492219314994,1492219315000,1492219314995,1492219315868,1492219315868,0,0,0
1492219411020,0,0,1492219411044,1492219412732,1492219412732,1492219412732,1492219412732,1492219412732,1492219412732,0,1492219412733,1492219412783,1492219412784,1492219412784,1492219413005,1492219413005,0,0,0
1492219500610,0,0,0,0,1492219500632,1492219502872,1492219502873,1492219502873,1492219502916,1492219502875,1492219502917,1492219502965,1492219502974,1492219502967,1492219503654,1492219503654,0,0,0
1492219590511,0,0,0,0,1492219590531,1492219593114,1492219593115,1492219593115,1492219593164,1492219593117,1492219593164,1492219593212,1492219593223,1492219593213,1492219593866,1492219593866,0,0,0
1492219688981,0,0,0,0,1492219689001,1492219690804,1492219690805,1492219690805,1492219690847,1492219690807,1492219690847,1492219690894,1492219690901,1492219690895,1492219691624,1492219691624,1492219700856,1492219700856,1492219700876
1492219784233,0,0,0,0,1492219784253,1492219785460,1492219785462,1492219785462,1492219785503,1492219785464,1492219785503,1492219785550,1492219785561,1492219785551,1492219786268,1492219786268,0,0,0
1492219875024,0,0,0,0,1492219875048,1492219877421,1492219877422,1492219877422,1492219877465,1492219877423,1492219877465,1492219877514,1492219877525,1492219877515,1492219878356,1492219878356,1492219905774,1492219905774,1492219905786
1492219993477,0,0,0,0,1492219993496,1492219995996,1492219995998,1492219995998,1492219996039,1492219996000,1492219996039,1492219996087,1492219996095,1492219996089,1492219996780,1492219996780,0,0,0
1492220088785,0,0,0,0,1492220088804,1492220090126,1492220090127,1492220090127,1492220090223,1492220090181,1492220090223,1492220090278,1492220090284,1492220090280,1492220091073,1492220091073,1492220098169,1492220098169,1492220098177
1492220193576,0,0,0,0,1492220193594,1492220195901,1492220195901,1492220195901,1492220195947,1492220195903,1492220195947,1492220195997,1492220196013,1492220195998,1492220196784,1492220196784,0,0,0
1492220297016,0,0,0,0,1492220297035,1492220299289,1492220299291,1492220299291,1492220299333,1492220299293,1492220299333,1492220299381,1492220299389,1492220299382,1492220300263,1492220300263,0,0,0
1492220393538,0,0,0,0,1492220393559,1492220396040,1492220396042,1492220396042,1492220396101,1492220396043,1492220396101,1492220396148,1492220396153,1492220396149,1492220397069,1492220397069,0,0,0
1492220552571,0,0,0,0,1492220552590,1492220554255,1492220554257,1492220554257,1492220554299,1492220554259,1492220554299,1492220554347,1492220554357,1492220554349,1492220555145,1492220555145,0,0,0
1492220639137,0,0,0,0,1492220639157,1492220640450,1492220640451,1492220640451,1492220640492,1492220640453,1492220640492,1492220640543,1492220640552,1492220640544,1492220641296,1492220641296,1492220644175,1492220644175,1492220644253
1492220757868,0,0,0,0,1492220757888,1492220759632,1492220759633,1492220759633,1492220759678,1492220759635,1492220759678,1492220759728,1492220759735,1492220759729,1492220760641,1492220760641,1492220764108,1492220764108,1492220764196
1492220850651,0,0,0,0,1492220850670,1492220852009,1492220852010,1492220852010,1492220852052,1492220852012,1492220852052,1492220852098,1492220852107,1492220852100,1492220852829,1492220852829,0,0,0
1492220935663,0,0,0,0,1492220935680,1492220938314,1492220938315,1492220938315,1492220938417,1492220938317,1492220938417,1492220938465,1492220938476,1492220938466,1492220939202,1492220939202,1492220942636,1492220942636,1492220942721
1492221086372,0,0,1492221086393,1492221088677,1492221088677,1492221088677,1492221088677,1492221088677,1492221088677,0,1492221088678,1492221088727,1492221088728,1492221088728,1492221088961,1492221088961,0,0,0
1492221179556,0,0,0,0,1492221179575,1492221181717,1492221181718,1492221181718,1492221181760,1492221181720,1492221181760,1492221181807,1492221181816,1492221181809,1492221182667,1492221182667,0,0,0
1492221270710,0,0,0,0,1492221270732,1492221272419,1492221272424,1492221272424,1492221272484,1492221272425,1492221272484,1492221272531,1492221272542,1492221272532,1492221273438,1492221273438,0,0,0
1492221379461,0,0,0,0,1492221379481,1492221381500,1492221381502,1492221381502,1492221381545,1492221381504,1492221381545,1492221381592,1492221381756,1492221381593,1492221382628,1492221382628,0,0,0
1492221470290,0,0,0,0,1492221470315,1492221472642,1492221472643,1492221472643,1492221472686,1492221472645,1492221472686,1492221472725,1492221472735,1492221472726,1492221473566,1492221473566,0,0,0
1492221564745,0,0,1492221564768,1492221567806,1492221567806,1492221567806,1492221567806,1492221567806,1492221567806,0,1492221567807,1492221567855,1492221567856,1492221567856,1492221568089,1492221568089,0,0,0
1492221663097,0,0,0,0,1492221663117,1492221665431,1492221665439,1492221665439,1492221665486,1492221665441,1492221665486,1492221665535,1492221665539,1492221665536,1492221666258,1492221666258,0,0,0
1492221754307,0,0,0,0,1492221754327,1492221756196,1492221756196,1492221756196,1492221756252,1492221756198,1492221756252,1492221756299,1492221756307,1492221756300,1492221757138,1492221757138,0,0,0
1492221848809,0,0,0,0,1492221848830,1492221851219,1492221851220,1492221851220,1492221851266,1492221851222,1492221851266,1492221851315,1492221851321,1492221851316,1492221852359,1492221852359,0,0,0
1492221956857,0,0,0,0,1492221956873,1492221959488,1492221959489,1492221959489,1492221959530,1492221959490,1492221959531,1492221959587,1492221959594,1492221959588,1492221960386,1492221960386,0,0,0
1492222064741,0,0,0,0,1492222064763,1492222066826,1492222066827,1492222066827,1492222066869,1492222066829,1492222066869,1492222066916,1492222066925,1492222066918,1492222067667,1492222067667,0,0,0
1492222158514,0,0,0,0,1492222158534,1492222161192,1492222161221,1492222161221,1492222161269,1492222161222,1492222161269,1492222161321,1492222161329,1492222161323,1492222162162,1492222162162,0,0,0
1492222255207,0,0,0,0,1492222255226,1492222257382,1492222257384,1492222257384,1492222257437,1492222257386,1492222257437,1492222257996,1492222258039,1492222257997,1492222258831,1492222258831,0,0,0
1492222424072,0,0,0,0,1492222424093,1492222426364,1492222426365,1492222426365,1492222426407,1492222426366,1492222426407,1492222426458,1492222426466,1492222426460,1492222427216,1492222427216,0,0,0
1492222533948,0,0,0,0,1492222533974,1492222536233,1492222536234,1492222536234,1492222536276,1492222536236,1492222536277,1492222536326,1492222536336,1492222536327,1492222537182,1492222537182,0,0,0
1492222632018,0,0,0,0,1492222632038,1492222634113,1492222634114,1492222634114,1492222634187,1492222634116,1492222634187,1492222634237,1492222634249,1492222634239,1492222635101,1492222635101,0,0,0
1492222734055,0,0,0,0,1492222734074,1492222736247,1492222736248,1492222736248,1492222736546,1492222736250,1492222736546,1492222736599,1492222736612,1492222736600,1492222737331,1492222737331,0,0,0
1492222833073,0,0,0,0,1492222833093,1492222835945,1492222835946,1492222835946,1492222835995,1492222835948,1492222835996,1492222836042,1492222836045,1492222836043,1492222836596,1492222836596,0,0,0
1492222930168,0,0,0,0,1492222930187,1492222933129,1492222933130,1492222933130,1492222933184,1492222933132,1492222933184,1492222933244,1492222933248,1492222933245,1492222934008,1492222934008,0,0,0
1492223027529,0,0,0,0,1492223027549,1492223029269,1492223029271,1492223029271,1492223029315,1492223029272,1492223029315,1492223029362,1492223029368,1492223029363,1492223030145,1492223030145,0,0,0
1492223114427,0,0,0,0,1492223114447,1492223116280,1492223116281,1492223116281,1492223116324,1492223116282,1492223116324,1492223116371,1492223116384,1492223116372,1492223117101,1492223117101,1492223147081,1492223147081,1492223147093
1492223232568,0,0,0,0,1492223232593,1492223234588,1492223234589,1492223234589,1492223234655,1492223234590,1492223234655,1492223234701,1492223234708,1492223234702,1492223235518,1492223235518,0,0,0
1492223325974,0,0,0,0,1492223325995,1492223328401,1492223328403,1492223328403,1492223328457,1492223328404,1492223328457,1492223328506,1492223328510,1492223328507,1492223329254,1492223329254,0,0,0
1492223421781,0,0,0,0,1492223421801,1492223424030,1492223424030,1492223424030,1492223424093,1492223424032,1492223424093,1492223424140,1492223424152,1492223424142,1492223424911,1492223424911,0,0,0
1492223521684,0,0,0,0,1492223521701,1492223524361,1492223524362,1492223524362,1492223524404,1492223524364,1492223524404,1492223524461,1492223524469,1492223524463,1492223525330,1492223525330,0,0,0
1492223637085,0,0,1492223637105,1492223639423,1492223639423,1492223639423,1492223639423,1492223639423,1492223639423,0,1492223639424,1492223639476,1492223639477,1492223639477,1492223639695,1492223639695,0,0,0
1492223736836,0,0,0,0,1492223736857,1492223739072,1492223739074,1492223739074,1492223739117,1492223739075,1492223739117,1492223739167,1492223739171,1492223739169,1492223739864,1492223739865,0,0,0
1492223829179,0,0,0,0,1492223829198,1492223830701,1492223830702,1492223830702,1492223830745,1492223830704,1492223830745,1492223831182,1492223831186,1492223831184,1492223831916,1492223831916,0,0,0
1492223986200,0,0,0,0,1492223986220,1492223987560,1492223987562,1492223987562,1492223987608,1492223987564,1492223987608,1492223987656,1492223987660,1492223987658,1492223988431,1492223988431,0,0,0
1492224072810,0,0,0,0,1492224072830,1492224074342,1492224074343,1492224074343,1492224074386,1492224074345,1492224074386,1492224074435,1492224074444,1492224074437,1492224075142,1492224075142,0,0,0
1492224167220,0,0,0,0,1492224167240,1492224169609,1492224169610,1492224169610,1492224169652,1492224169612,1492224169652,1492224169699,1492224169812,1492224169701,1492224170583,1492224170583,0,0,0
1492224266596,0,0,0,0,1492224266616,1492224268621,1492224268623,1492224268623,1492224268667,1492224268624,1492224268667,1492224269127,1492224269130,1492224269128,1492224270055,1492224270055,1492224273912,1492224273912,1492224274000
1492224368025,0,0,0,0,1492224368046,1492224370353,1492224370354,1492224370354,1492224370399,1492224370356,1492224370399,1492224370446,1492224370454,1492224370447,1492224371327,1492224371327,0,0,0
1492224472017,0,0,0,0,1492224472038,1492224474059,1492224474060,1492224474060,1492224474123,1492224474079,1492224474123,1492224474171,1492224474182,1492224474172,1492224474993,1492224474993,0,0,0
1492224578725,0,0,0,0,1492224578745,1492224580190,1492224580191,1492224580191,1492224580256,1492224580193,1492224580257,1492224580304,1492224580312,1492224580305,1492224581117,1492224581117,0,0,0
1492224675908,0,0,0,0,1492224675928,1492224678025,1492224678027,1492224678027,1492224678083,1492224678029,1492224678083,1492224678130,1492224678140,1492224678131,1492224678943,1492224678943,0,0,0
1492224768242,0,0,0,0,1492224768263,1492224770508,1492224770509,1492224770509,1492224770554,1492224770511,1492224770554,1492224770603,1492224770609,1492224770604,1492224771351,1492224771351,0,0,0
1492224863455,0,0,0,0,1492224863474,1492224865765,1492224865788,1492224865788,1492224865838,1492224865790,1492224865839,1492224865893,1492224865901,1492224865894,1492224867042,1492224867042,0,0,0
1492224972315,0,0,0,0,1492224972333,1492224973865,1492224973866,1492224973866,1492224973924,1492224973868,1492224973924,1492224973973,1492224973981,1492224973974,1492224974907,1492224974907,0,0,0
1492225059460,0,0,0,0,1492225059480,1492225060763,1492225060764,1492225060764,1492225060813,1492225060766,1492225060813,1492225060860,1492225060868,1492225060862,1492225061621,1492225061621,0,0,0
1492225152213,0,0,1492225152233,1492225154561,1492225154561,1492225154561,1492225154561,1492225154561,1492225154561,0,1492225154562,1492225154616,1492225154617,1492225154617,1492225154834,1492225154834,0,0,0
1492225241371,0,0,0,0,1492225241391,1492225242923,1492225242925,1492225242925,1492225242969,1492225242927,1492225242969,1492225243018,1492225243029,1492225243019,1492225243872,1492225243872,0,0,0
1492225341312,0,0,0,0,1492225341333,1492225343829,1492225343830,1492225343830,1492225343873,1492225343832,1492225343873,1492225343928,1492225343944,1492225343930,1492225344649,1492225344649,0,0,0
1492225430910,0,0,0,0,1492225430928,1492225432325,1492225432326,1492225432326,1492225432373,1492225432328,1492225432373,1492225432420,1492225432426,1492225432422,1492225433343,1492225433343,0,0,0
1492225524531,0,0,0,0,1492225524550,1492225526753,1492225526755,1492225526755,1492225526853,1492225526757,1492225526853,1492225526901,1492225526912,1492225526902,1492225527873,1492225527873,0,0,0
1492225631870,0,0,0,0,1492225631892,1492225634441,1492225634442,1492225634442,1492225634497,1492225634444,1492225634497,1492225634546,1492225634552,1492225634548,1492225635403,1492225635404,0,0,0
1492225732826,0,0,0,0,1492225732847,1492225735035,1492225735036,1492225735036,1492225735105,1492225735037,1492225735105,1492225735613,1492225735619,1492225735615,1492225736293,1492225736293,0,0,0
1492225842324,0,0,0,0,1492225842348,1492225844761,1492225844762,1492225844762,1492225844806,1492225844764,1492225844806,1492225844853,1492225844859,1492225844854,1492225845719,1492225845719,0,0,0
1492225934488,0,0,0,0,1492225934510,1492225937268,1492225937270,1492225937270,1492225937313,1492225937271,1492225937313,1492225937794,1492225937799,1492225937795,1492225938647,1492225938647,0,0,0
1492226041418,0,0,0,0,1492226041435,1492226043748,1492226043750,1492226043750,1492226043794,1492226043752,1492226043794,1492226043842,1492226043848,1492226043843,1492226044657,1492226044657,0,0,0
1492226139972,0,0,1492226139989,1492226142626,1492226142626,1492226142626,1492226142626,1492226142626,1492226142626,0,1492226142627,1492226142676,1492226142677,1492226142677,1492226143028,1492226143028,0,0,0
1492226240207,0,0,0,0,1492226240225,1492226242279,1492226242284,1492226242284,1492226242331,1492226242286,1492226242331,1492226242804,1492226242809,1492226242806,1492226243738,1492226243738,0,0,0
1492226346452,0,0,0,0,1492226346471,1492226348495,1492226348496,1492226348496,1492226348539,1492226348498,1492226348539,1492226349006,1492226349011,1492226349008,1492226349679,1492226349679,0,0,0
1492226456437,0,0,1492226456454,1492226458926,1492226458926,1492226458926,1492226458926,1492226458926,1492226458926,0,1492226458926,1492226458973,1492226458974,1492226458975,1492226459312,1492226459312,0,0,0
1492226560695,0,0,0,0,1492226560717,1492226561934,1492226561956,1492226561956,1492226562016,1492226561958,1492226562016,1492226562061,1492226562068,1492226562062,1492226562996,1492226562996,0,0,0
1492226662922,0,0,0,0,1492226662941,1492226665391,1492226665393,1492226665393,1492226665436,1492226665395,1492226665436,1492226665483,1492226665627,1492226665484,1492226666580,1492226666580,0,0,0
1492226758898,0,0,0,0,1492226758917,1492226761244,1492226761245,1492226761245,1492226761290,1492226761246,1492226761290,1492226761337,1492226761341,1492226761338,1492226762285,1492226762285,0,0,0
1492226866707,0,0,0,0,1492226866724,1492226869815,1492226869816,1492226869816,1492226869863,1492226869818,1492226869863,1492226870348,1492226870361,1492226870349,1492226871193,1492226871193,0,0,0
1492227009637,0,0,0,0,1492227009659,1492227011204,1492227011205,1492227011205,1492227011249,1492227011209,1492227011249,1492227011296,1492227011301,1492227011297,1492227012169,1492227012169,0,0,0
1492227098818,0,0,0,0,1492227098844,1492227100549,1492227100551,1492227100551,1492227100598,1492227100552,1492227100598,1492227100663,1492227100668,1492227100664,1492227101523,1492227101523,0,0,0
1492227199375,0,0,0,0,1492227199392,1492227200685,1492227200686,1492227200686,1492227200733,1492227200688,1492227200733,1492227200781,1492227200794,1492227200782,1492227201685,1492227201685,0,0,0
1492227294106,0,0,0,0,1492227294129,1492227296540,1492227296542,1492227296542,1492227296589,1492227296543,1492227296589,1492227296637,1492227296674,1492227296638,1492227297525,1492227297525,0,0,0
1492227399455,0,0,0,0,1492227399475,1492227401936,1492227401937,1492227401937,1492227401986,1492227401939,1492227401986,1492227402037,1492227402051,1492227402040,1492227402809,1492227402809,0,0,0
1492227488668,0,0,0,0,1492227488687,1492227490926,1492227490927,1492227490927,1492227490987,1492227490929,1492227490987,1492227491034,1492227491037,1492227491036,1492227491615,1492227491615,0,0,0
1492227583934,0,0,0,0,1492227583953,1492227586116,1492227586118,1492227586118,1492227586179,1492227586120,1492227586179,1492227586226,1492227586232,1492227586228,1492227587179,1492227587179,0,0,0
1492227687310,0,0,0,0,1492227687328,1492227689486,1492227689488,1492227689488,1492227689533,1492227689489,1492227689533,1492227689605,1492227689614,1492227689607,1492227690438,1492227690438,0,0,0
1492227786341,0,0,1492227786360,1492227787870,1492227787870,1492227787870,1492227787870,1492227787870,1492227787870,0,1492227787871,1492227787917,1492227787919,1492227787919,1492227788145,1492227788145,0,0,0
1492227891457,0,0,0,0,1492227891476,1492227893654,1492227893655,1492227893655,1492227893714,1492227893657,1492227893714,1492227893763,1492227893771,1492227893765,1492227894416,1492227894416,0,0,0
1492227980213,0,0,0,0,1492227980236,1492227981930,1492227981931,1492227981931,1492227981985,1492227981933,1492227981985,1492227982031,1492227982035,1492227982032,1492227982739,1492227982739,0,0,0
1492228075164,0,0,0,0,1492228075184,1492228077200,1492228077202,1492228077202,1492228077246,1492228077203,1492228077246,1492228077293,1492228077461,1492228077294,1492228078329,1492228078329,0,0,0
1492228174178,0,0,0,0,1492228174197,1492228175566,1492228175568,1492228175568,1492228175616,1492228175569,1492228175616,1492228175665,1492228175669,1492228175666,1492228176503,1492228176503,0,0,0
1492228263794,0,0,0,0,1492228263812,1492228266561,1492228266584,1492228266584,1492228266627,1492228266585,1492228266627,1492228267064,1492228267070,1492228267067,1492228267858,1492228267858,0,0,0
1492228359284,0,0,1492228359303,1492228361885,1492228361885,1492228361885,1492228361885,1492228361885,1492228361885,0,1492228361886,1492228361936,1492228361937,1492228361937,1492228362163,1492228362163,0,0,0
1492228465644,0,0,0,0,1492228465662,1492228467997,1492228468019,1492228468019,1492228468062,1492228468021,1492228468062,1492228468110,1492228468120,1492228468111,1492228468788,1492228468788,0,0,0
1492228565107,0,0,0,0,1492228565125,1492228567763,1492228567764,1492228567764,1492228567819,1492228567766,1492228567819,1492228567867,1492228567873,1492228567869,1492228568751,1492228568751,0,0,0
1492228674289,0,0,0,0,1492228674308,1492228675618,1492228675620,1492228675620,1492228675665,1492228675622,1492228675665,1492228675742,1492228675748,1492228675744,1492228676492,1492228676492,0,0,0
1492228780911,0,0,0,0,1492228780929,1492228783371,1492228783373,1492228783373,1492228783436,1492228783375,1492228783436,1492228783482,1492228783491,1492228783484,1492228784274,1492228784274,0,0,0
1492228883868,0,0,0,0,1492228883888,1492228886167,1492228886169,1492228886169,1492228886222,1492228886170,1492228886222,1492228886273,1492228886278,1492228886274,1492228887104,1492228887104,0,0,0
1492228985975,0,0,0,0,1492228985996,1492228988388,1492228988390,1492228988390,1492228988453,1492228988392,1492228988453,1492228988504,1492228988513,1492228988505,1492228989315,1492228989315,1492228994150,1492228994150,1492228994239
1492229088961,0,0,0,0,1492229088978,1492229091351,1492229091353,1492229091353,1492229091397,1492229091355,1492229091398,1492229091454,1492229091463,1492229091455,1492229092336,1492229092336,0,0,0
1492229186531,0,0,0,0,1492229186557,1492229188600,1492229188600,1492229188600,1492229188674,1492229188602,1492229188674,1492229188723,1492229188728,1492229188725,1492229189524,1492229189524,0,0,0
1492229288489,0,0,0,0,1492229288508,1492229290532,1492229290532,1492229290532,1492229290579,1492229290534,1492229290579,1492229290627,1492229290637,1492229290629,1492229291286,1492229291286,0,0,0
1492229385645,0,0,0,0,1492229385667,1492229388391,1492229388393,1492229388393,1492229388452,1492229388395,1492229388452,1492229388498,1492229388502,1492229388499,1492229389209,1492229389209,0,0,0
1492229492041,0,0,0,0,1492229492065,1492229493845,1492229493847,1492229493847,1492229493908,1492229493849,1492229493908,1492229493955,1492229493961,1492229493957,1492229494700,1492229494700,0,0,0
1492229596645,0,0,0,0,1492229596668,1492229598742,1492229598744,1492229598744,1492229598788,1492229598746,1492229598788,1492229598837,1492229598846,1492229598839,1492229599793,1492229599793,0,0,0
1492229692570,0,0,0,0,1492229692587,1492229695068,1492229695072,1492229695072,1492229695121,1492229695077,1492229695121,1492229695168,1492229695179,1492229695170,1492229696035,1492229696035,0,0,0
1492229788222,0,0,0,0,1492229788241,1492229790459,1492229790460,1492229790460,1492229790503,1492229790462,1492229790503,1492229790553,1492229790557,1492229790554,1492229791383,1492229791383,0,0,0
1492229896163,0,0,0,0,1492229896185,1492229898138,1492229898139,1492229898139,1492229898183,1492229898141,1492229898183,1492229898230,1492229898240,1492229898231,1492229899260,1492229899260,0,0,0
1492230007989,0,0,0,0,1492230008008,1492230010443,1492230010445,1492230010445,1492230010515,1492230010447,1492230010515,1492230010564,1492230010578,1492230010565,1492230012567,1492230012567,0,0,0
1492230117027,0,0,0,0,1492230117050,1492230118422,1492230118457,1492230118457,1492230118503,1492230118459,1492230118503,1492230118552,1492230118557,1492230118553,1492230119282,1492230119282,0,0,0
1492230227245,0,0,0,0,1492230227267,1492230229869,1492230229871,1492230229871,1492230229923,1492230229872,1492230229923,1492230230388,1492230230391,1492230230389,1492230231096,1492230231096,0,0,0
1492230328690,0,0,0,0,1492230328710,1492230330005,1492230330006,1492230330006,1492230330053,1492230330008,1492230330053,1492230330104,1492230330110,1492230330106,1492230330949,1492230330949,0,0,0
1492230430614,0,0,0,0,1492230430633,1492230432745,1492230432746,1492230432746,1492230432802,1492230432748,1492230432802,1492230432854,1492230432858,1492230432855,1492230433627,1492230433627,0,0,0
1492230532584,0,0,0,0,1492230532603,1492230534557,1492230534558,1492230534558,1492230534625,1492230534560,1492230534625,1492230534673,1492230534684,1492230534675,1492230535496,1492230535496,0,0,0
1492230632133,0,0,0,0,1492230632155,1492230634467,1492230634468,1492230634468,1492230634524,1492230634469,1492230634524,1492230634573,1492230634583,1492230634574,1492230635362,1492230635362,0,0,0
1492230730386,0,0,0,0,1492230730405,1492230732816,1492230732839,1492230732839,1492230732910,1492230732841,1492230732910,1492230732956,1492230732975,1492230732958,1492230733851,1492230733851,0,0,0
1492230838724,0,0,0,0,1492230838745,1492230841370,1492230841371,1492230841371,1492230841425,1492230841373,1492230841425,1492230841472,1492230841485,1492230841473,1492230842409,1492230842409,0,0,0
1492230953058,0,0,0,0,1492230953081,1492230955647,1492230955649,1492230955649,1492230955702,1492230955650,1492230955703,1492230955751,1492230955791,1492230955753,1492230957053,1492230957053,0,0,0
1492231067046,0,0,0,0,1492231067067,1492231068911,1492231068913,1492231068913,1492231068968,1492231068915,1492231068968,1492231069018,1492231069029,1492231069020,1492231069735,1492231069735,0,0,0
1492231175565,0,0,0,0,1492231175590,1492231178108,1492231178109,1492231178109,1492231178156,1492231178111,1492231178156,1492231178204,1492231178217,1492231178205,1492231179051,1492231179051,0,0,0
1492231283558,0,0,0,0,1492231283585,1492231286218,1492231286219,1492231286219,1492231286283,1492231286240,1492231286283,1492231286331,1492231286439,1492231286332,1492231287065,1492231287065,0,0,0
1492231391390,0,0,0,0,1492231391408,1492231393423,1492231393425,1492231393425,1492231393468,1492231393427,1492231393468,1492231393523,1492231393530,1492231393524,1492231394303,1492231394303,0,0,0
1492231495399,0,0,0,0,1492231495422,1492231497434,1492231497435,1492231497435,1492231497490,1492231497437,1492231497490,1492231497538,1492231497545,1492231497540,1492231498378,1492231498378,0,0,0
1492231595006,0,0,1492231595027,1492231597371,1492231597371,1492231597371,1492231597371,1492231597371,1492231597371,0,1492231597372,1492231597419,1492231597420,1492231597420,1492231597752,1492231597752,0,0,0
1492231692984,0,0,0,0,1492231693005,1492231694923,1492231694924,1492231694924,1492231694979,1492231694926,1492231694979,1492231695028,1492231695040,1492231695029,1492231695752,1492231695752,0,0,0
1492231793554,0,0,0,0,1492231793577,1492231795654,1492231795655,1492231795655,1492231795697,1492231795657,1492231795697,1492231795745,1492231795750,1492231795747,1492231796516,1492231796516,0,0,0
1492231891479,0,0,0,0,1492231891504,1492231893502,1492231893507,1492231893507,1492231893548,1492231893509,1492231893548,1492231894062,1492231894068,1492231894063,1492231894827,1492231894827,0,0,0
1492231999330,0,0,1492231999351,1492232000635,1492232000635,1492232000635,1492232000635,1492232000635,1492232000635,0,1492232000635,1492232000683,1492232000684,1492232000684,1492232000921,1492232000921,0,0,0
1492232092395,0,0,0,0,1492232092419,1492232095189,1492232095189,1492232095189,1492232095233,1492232095191,1492232095233,1492232095282,1492232095288,1492232095283,1492232095943,1492232095943,0,0,0
1492232196502,0,0,0,0,1492232196524,1492232199292,1492232199293,1492232199293,1492232199355,1492232199295,1492232199355,1492232199404,1492232199409,1492232199406,1492232200172,1492232200172,0,0,0
1492232298657,0,0,0,0,1492232298676,1492232301011,1492232301013,1492232301013,1492232301060,1492232301015,1492232301060,1492232301107,1492232301117,1492232301109,1492232301863,1492232301863,0,0,0
1492232401383,0,0,1492232401401,1492232403926,1492232403926,1492232403926,1492232403926,1492232403926,1492232403926,0,1492232403927,1492232403978,1492232403978,1492232403978,1492232404233,1492232404233,0,0,0
1492232497992,0,0,0,0,1492232498013,1492232499558,1492232499560,1492232499560,1492232499606,1492232499562,1492232499606,1492232500369,1492232500378,1492232500370,1492232501131,1492232501131,0,0,0
1492232600315,0,0,0,0,1492232600335,1492232601976,1492232601977,1492232601977,1492232602020,1492232601979,1492232602020,1492232602067,1492232602077,1492232602069,1492232602879,1492232602879,0,0,0
1492232697968,0,0,0,0,1492232697985,1492232700727,1492232700728,1492232700728,1492232700772,1492232700730,1492232700772,1492232700819,1492232700825,1492232700820,1492232701569,1492232701569,0,0,0
1492232790502,0,0,0,0,1492232790522,1492232792915,1492232792916,1492232792916,1492232792964,1492232792918,1492232792965,1492232793011,1492232793017,1492232793013,1492232793797,1492232793797,0,0,0
1492232887894,0,0,0,0,1492232887914,1492232890291,1492232890292,1492232890292,1492232890336,1492232890294,1492232890336,1492232890384,1492232890389,1492232890385,1492232891234,1492232891234,0,0,0
1492232986642,0,0,1492232986666,1492232989039,1492232989039,1492232989039,1492232989039,1492232989039,1492232989039,0,1492232989175,1492232989230,1492232989230,1492232989231,1492232989445,1492232989445,0,0,0
1492233094014,0,0,0,0,1492233094034,1492233095896,1492233095897,1492233095897,1492233095941,1492233095899,1492233095941,1492233095989,1492233096082,1492233095991,1492233096888,1492233096888,0,0,0
1492233189211,0,0,0,0,1492233189234,1492233191415,1492233191416,1492233191416,1492233191457,1492233191418,1492233191457,1492233191503,1492233191512,1492233191505,1492233192143,1492233192143,0,0,0
1492233286084,0,0,0,0,1492233286106,1492233287943,1492233287944,1492233287944,1492233287987,1492233287946,1492233287987,1492233288034,1492233288040,1492233288035,1492233288712,1492233288712,0,0,0
1492233387983,0,0,0,0,1492233388003,1492233389827,1492233389828,1492233389828,1492233389873,1492233389829,1492233389873,1492233389925,1492233389930,1492233389927,1492233390661,1492233390661,0,0,0
1492233490208,0,0,0,0,1492233490230,1492233492480,1492233492481,1492233492481,1492233492526,1492233492483,1492233492527,1492233492977,1492233492982,1492233492979,1492233493751,1492233493751,0,0,0
1492233604930,0,0,0,0,1492233604948,1492233607790,1492233607791,1492233607791,1492233607837,1492233607792,1492233607837,1492233607885,1492233607889,1492233607886,1492233608613,1492233608613,0,0,0
1492233712884,0,0,0,0,1492233712901,1492233715387,1492233715388,1492233715388,1492233715441,1492233715389,1492233715441,1492233715490,1492233715500,1492233715491,1492233716394,1492233716394,0,0,0
1492233826015,0,0,0,0,1492233826034,1492233828420,1492233828421,1492233828421,1492233828495,1492233828423,1492233828495,1492233828543,1492233828553,1492233828544,1492233829363,1492233829363,0,0,0
1492233921747,0,0,0,0,1492233921768,1492233923971,1492233923973,1492233923973,1492233924027,1492233923975,1492233924027,1492233924076,1492233924082,1492233924077,1492233924917,1492233924917,0,0,0
1492234007424,0,0,0,0,1492234007444,1492234009538,1492234009543,1492234009543,1492234009588,1492234009545,1492234009588,1492234010020,1492234010024,1492234010022,1492234010761,1492234010761,0,0,0
1492234118332,0,0,0,0,1492234118352,1492234120114,1492234120115,1492234120115,1492234120168,1492234120117,1492234120168,1492234120217,1492234120231,1492234120218,1492234121052,1492234121052,0,0,0
1492234232662,0,0,0,0,1492234232686,1492234235464,1492234235466,1492234235466,1492234235519,1492234235467,1492234235519,1492234235567,1492234235650,1492234235569,1492234236475,1492234236475,0,0,0
1492234338128,0,0,0,0,1492234338145,1492234339343,1492234339344,1492234339344,1492234339388,1492234339346,1492234339388,1492234339436,1492234339441,1492234339438,1492234340447,1492234340447,0,0,0
1492234439174,0,0,0,0,1492234439197,1492234441850,1492234441851,1492234441851,1492234441899,1492234441853,1492234441899,1492234441947,1492234441955,1492234441949,1492234442691,1492234442691,0,0,0
