link,navigationStart, unloadEventStart, unloadEventEnd, redirectStart, redirectEnd, fetchStart, domainLookupStart, domainLookupEnd, connectStart, connectEnd, secureConnectionStart, requestStart, responseStart, responseEnd, domLoading, domInteractive, domContentLoadedEventStart, domComplete, loadEventStart, loadEventEnd
1492198475621,0,0,0,0,1492198475635,1492198475635,1492198475639,1492198475639,1492198475639,None,1492198475648,1492198475703,1492198475706,1492198475893,1492198475910,1492198475913,1492198476324,1492198476324,1492198476325
1492198539244,0,0,0,0,1492198539246,1492198539247,1492198539271,1492198539271,1492198539271,None,1492198539282,1492198539285,1492198539288,1492198539288,1492198539301,1492198539303,1492198540032,1492198540033,1492198540033
1492198614121,0,0,0,0,1492198614125,1492198614125,1492198614139,1492198614139,1492198614139,None,1492198614142,1492198614145,1492198614153,1492198614146,1492198614536,1492198614582,1492198615447,1492198615447,1492198615519
1492198682275,0,0,0,0,1492198682278,1492198682278,1492198682300,1492198682300,1492198682300,None,1492198682311,1492198682317,1492198682319,1492198682318,1492198682328,1492198682356,1492198682675,1492198682676,1492198682676
1492198761054,0,0,0,0,1492198761057,1492198761057,1492198761061,1492198761061,1492198761061,None,1492198761072,1492198761076,1492198761084,1492198761076,1492198761475,1492198761524,1492198765655,1492198765655,1492198765723
1492198835118,0,0,0,0,1492198835121,1492198835121,1492198837126,1492198837126,1492198837126,None,1492198837138,1492198837142,1492198837145,1492198837144,1492198837155,1492198837156,1492198837740,1492198837741,1492198837742
1492198918042,0,0,0,0,1492198918046,1492198918046,1492198918047,1492198918047,1492198918047,None,1492198918058,1492198918062,1492198918070,1492198918063,1492198918478,1492198918539,1492198923099,1492198923099,1492198923156
1492198996515,0,0,0,0,1492198996520,1492198996520,1492198997325,1492198997325,1492198997325,None,1492198997337,1492198997376,1492198997378,1492198997377,1492198997388,1492198997390,1492198998887,1492198998887,1492198998888
1492199075923,0,0,0,0,1492199075926,1492199075926,1492199075934,1492199075934,1492199075934,None,1492199075945,1492199075948,1492199075950,1492199075949,1492199075961,1492199075963,1492199079212,1492199079212,1492199079213
1492199156552,0,0,0,0,1492199156556,1492199156556,1492199156562,1492199156562,1492199156562,None,1492199156567,1492199156571,1492199156573,1492199156575,1492199156586,1492199156588,1492199157226,1492199157226,1492199157227
1492199238511,0,0,0,0,1492199238526,1492199238526,1492199238551,1492199238551,1492199238551,None,1492199238562,1492199238567,1492199238575,1492199238569,1492199239731,1492199239780,1492199243693,1492199243693,1492199243747
1492199321526,0,0,0,0,1492199321530,1492199321530,1492199321530,1492199321530,1492199321530,None,1492199321545,1492199321550,1492199321552,1492199321553,1492199321564,1492199321565,1492199321949,1492199321950,1492199321951
1492199404096,0,0,0,0,1492199404099,1492199404099,1492199404123,1492199404123,1492199404123,None,1492199404134,1492199404137,1492199404145,1492199404138,1492199404556,1492199404607,1492199409751,1492199409751,1492199409808
1492199473514,0,0,0,0,1492199473517,1492199473517,1492199473518,1492199473518,1492199473518,None,1492199473530,1492199473534,1492199473536,1492199473535,1492199473549,1492199473551,1492199474080,1492199474081,1492199474082
1492199558465,0,0,0,0,1492199558468,1492199558468,1492199558471,1492199558471,1492199558471,None,1492199558480,1492199558484,1492199558492,1492199558485,1492199558884,1492199558922,1492199563228,1492199563228,1492199563598
1492199632539,0,0,0,0,1492199632541,1492199632542,1492199632545,1492199632545,1492199632545,None,1492199632556,1492199632560,1492199632562,1492199632562,1492199632574,1492199632575,1492199635058,1492199635058,1492199635059
1492199718929,0,0,0,0,1492199718933,1492199718933,1492199718937,1492199718937,1492199718937,None,1492199718948,1492199718952,1492199718960,1492199718952,1492199719298,1492199719413,1492199722599,1492199722599,1492199722662
1492199794535,0,0,0,0,1492199794540,1492199794540,1492199794545,1492199794545,1492199794545,None,1492199794552,1492199794556,1492199794558,1492199794559,1492199794570,1492199794572,1492199794933,1492199794934,1492199794934
1492199878080,0,0,0,0,1492199878084,1492199878084,1492199878088,1492199878088,1492199878088,None,1492199878099,1492199878103,1492199878111,1492199878103,1492199878499,1492199878548,1492199882168,1492199882168,1492199882230
1492199960152,0,0,0,0,1492199960156,1492199960156,1492199960159,1492199960159,1492199960159,None,1492199960169,1492199960174,1492199960176,1492199960177,1492199960189,1492199960234,1492199960727,1492199960727,1492199960728
1492200035229,0,0,0,0,1492200035232,1492200035239,1492200035249,1492200035249,1492200035250,None,1492200035263,1492200035266,1492200035269,1492200035276,1492200035286,1492200035287,1492200035615,1492200035616,1492200035616
1492200114173,0,0,0,0,1492200114177,1492200114177,1492200114180,1492200114180,1492200114180,None,1492200114191,1492200114195,1492200114203,1492200114196,1492200114532,1492200114669,1492200118191,1492200118192,1492200118269
1492200190918,0,0,0,0,1492200190922,1492200190922,1492200190925,1492200190925,1492200190925,None,1492200190934,1492200190937,1492200190939,1492200190950,1492200190963,1492200190965,1492200193132,1492200193132,1492200193133
1492200266796,0,0,0,0,1492200266799,1492200266800,1492200266814,1492200266814,1492200266815,None,1492200266828,1492200266832,1492200266841,1492200266840,1492200267414,1492200267497,1492200268880,1492200268880,1492200268940
1492200345083,0,0,0,0,1492200345086,1492200345086,1492200345091,1492200345091,1492200345091,None,1492200345101,1492200345104,1492200345106,1492200345105,1492200345116,1492200345118,1492200345468,1492200345468,1492200345469
1492200422678,0,0,0,0,1492200422681,1492200422681,1492200422686,1492200422686,1492200422686,None,1492200422695,1492200422700,1492200422708,1492200422702,1492200423093,1492200423140,1492200426302,1492200426302,1492200426368
1492200500148,0,0,0,0,1492200500152,1492200500152,1492200500156,1492200500156,1492200500156,None,1492200500167,1492200500170,1492200500172,1492200500171,1492200500182,1492200500214,1492200500380,1492200500381,1492200500381
1492200572516,0,0,0,0,1492200572519,1492200572519,1492200572523,1492200572523,1492200572523,None,1492200572534,1492200572539,1492200572547,1492200572540,1492200572910,1492200572955,1492200574575,1492200574575,1492200574642
1492200649745,0,0,0,0,1492200649761,1492200649761,1492200649766,1492200649766,1492200649766,None,1492200649777,1492200649781,1492200649783,1492200649781,1492200649792,1492200649794,1492200650114,1492200650114,1492200650115
1492200723345,0,0,0,0,1492200723347,1492200723348,1492200723354,1492200723354,1492200723354,None,1492200723363,1492200723367,1492200723376,1492200723369,1492200723753,1492200723802,1492200725411,1492200725411,1492200725479
1492200790024,0,0,0,0,1492200790026,1492200790026,1492200790066,1492200790066,1492200790066,None,1492200790077,1492200790081,1492200790084,1492200790083,1492200790094,1492200790095,1492200790592,1492200790592,1492200790593
1492200870257,0,0,0,0,1492200870260,1492200870261,1492200870266,1492200870266,1492200870268,None,1492200870280,1492200870283,1492200870286,1492200870296,1492200870310,1492200870312,1492200873571,1492200873571,1492200873572
1492200956464,0,0,0,0,1492200956467,1492200956468,1492200958474,1492200958474,1492200958474,None,1492200958493,1492200958498,1492200958510,1492200958504,1492200959794,1492200959868,1492200961979,1492200961979,1492200962040
1492201028489,0,0,0,0,1492201028492,1492201028492,1492201028496,1492201028496,1492201028496,None,1492201028506,1492201028510,1492201028512,1492201028514,1492201028525,1492201028527,1492201028865,1492201028865,1492201028866
1492201100279,0,0,0,0,1492201100285,1492201100285,1492201100298,1492201100298,1492201100298,None,1492201100301,1492201100305,1492201100313,1492201100306,1492201100669,1492201100724,1492201104040,1492201104040,1492201104104
1492201178590,0,0,0,0,1492201178597,1492201178598,1492201178625,1492201178625,1492201178625,None,1492201178635,1492201178641,1492201178643,1492201178641,1492201178652,1492201178654,1492201178961,1492201178961,1492201178962
1492201249658,0,0,0,0,1492201249663,1492201249663,1492201249675,1492201249675,1492201249675,None,1492201249677,1492201249762,1492201249770,1492201249763,1492201250661,1492201250746,1492201254246,1492201254246,1492201254251
1492201326100,0,0,0,0,1492201326103,1492201326103,1492201326105,1492201326105,1492201326106,None,1492201326116,1492201326120,1492201326123,1492201326122,1492201326134,1492201326178,1492201326945,1492201326945,1492201326946
1492201411701,0,0,0,0,1492201411704,1492201411704,1492201411708,1492201411708,1492201411708,None,1492201411719,1492201411723,1492201411725,1492201411724,1492201411735,1492201411768,1492201412297,1492201412297,1492201412298
1492201483805,0,0,0,0,1492201483810,1492201483810,1492201483811,1492201483811,1492201483811,None,1492201483823,1492201483827,1492201483829,1492201483828,1492201483840,1492201483884,1492201484456,1492201484457,1492201484458
1492201560455,0,0,0,0,1492201560469,1492201560469,1492201560473,1492201560473,1492201560473,None,1492201560481,1492201560484,1492201560492,1492201560485,1492201560966,1492201561033,1492201563137,1492201563137,1492201563198
1492201638404,0,0,0,0,1492201638407,1492201638407,1492201638410,1492201638410,1492201638410,None,1492201638419,1492201638423,1492201638426,1492201638426,1492201638442,1492201638517,1492201638742,1492201638742,1492201638743
1492201720699,0,0,0,0,1492201720703,1492201720703,1492201720705,1492201720705,1492201720705,None,1492201720716,1492201720720,1492201720728,1492201720724,1492201721096,1492201721208,1492201724678,1492201724678,1492201724687
1492201802536,0,0,0,0,1492201802538,1492201802538,1492201802542,1492201802542,1492201802542,None,1492201802551,1492201802555,1492201802557,1492201802558,1492201802569,1492201802570,1492201803121,1492201803122,1492201803122
1492201881048,0,0,0,0,1492201881051,1492201881051,1492201881054,1492201881054,1492201881054,None,1492201881064,1492201881068,1492201881070,1492201881069,1492201881080,1492201881082,1492201881271,1492201881271,1492201881271
1492201959235,0,0,0,0,1492201959241,1492201959241,1492201959243,1492201959243,1492201959243,None,1492201959254,1492201959258,1492201959260,1492201959260,1492201959270,1492201959313,1492201959801,1492201959801,1492201959802
1492202026761,0,0,0,0,1492202026772,1492202026772,1492202026773,1492202026773,1492202026773,None,1492202026784,1492202026788,1492202026790,1492202026788,1492202026800,1492202026802,1492202028832,1492202028832,1492202028833
1492202098100,0,0,0,0,1492202098104,1492202098104,1492202098132,1492202098132,1492202098132,None,1492202098140,1492202098144,1492202098146,1492202098145,1492202098155,1492202098157,1492202098524,1492202098524,1492202098525
1492202179245,0,0,0,0,1492202179261,1492202179261,1492202179266,1492202179266,1492202179266,None,1492202179277,1492202179282,1492202179290,1492202179283,1492202179681,1492202179727,1492202183932,1492202183932,1492202183964
1492202248482,0,0,0,0,1492202248492,1492202248492,1492202248495,1492202248495,1492202248495,None,1492202248504,1492202248508,1492202248510,1492202248509,1492202248519,1492202248521,1492202249280,1492202249280,1492202249281
1492202319008,0,0,0,0,1492202319011,1492202319011,1492202319012,1492202319012,1492202319012,None,1492202319025,1492202319092,1492202319101,1492202319094,1492202319493,1492202319553,1492202323060,1492202323060,1492202323148
1492202397515,0,0,0,0,1492202397518,1492202397518,1492202397518,1492202397518,1492202397518,None,1492202397552,1492202397558,1492202397560,1492202397559,1492202397572,1492202397574,1492202398293,1492202398294,1492202398294
1492202484391,0,0,0,0,1492202484395,1492202484395,1492202484395,1492202484395,1492202484395,None,1492202484407,1492202484410,1492202484419,1492202484413,1492202484933,1492202484999,1492202487338,1492202487338,1492202487403
1492202553766,0,0,0,0,1492202553769,1492202553769,1492202553769,1492202553769,1492202553769,None,1492202553780,1492202553784,1492202553786,1492202553785,1492202553796,1492202553798,1492202554378,1492202554379,1492202554379
1492202631308,0,0,0,0,1492202631311,1492202631311,1492202631315,1492202631315,1492202631315,None,1492202631324,1492202631351,1492202631359,1492202631352,1492202631678,1492202631787,1492202635100,1492202635100,1492202635157
1492202699827,0,0,0,0,1492202699831,1492202699831,1492202699837,1492202699837,1492202699837,None,1492202699843,1492202700016,1492202700018,1492202700017,1492202700027,1492202700029,1492202700182,1492202700182,1492202700183
1492202773339,0,0,0,0,1492202773342,1492202773342,1492202773346,1492202773346,1492202773346,None,1492202773357,1492202773361,1492202773363,1492202773362,1492202773372,1492202773374,1492202773568,1492202773568,1492202773569
1492202847681,0,0,0,0,1492202847685,1492202847685,1492202847692,1492202847692,1492202847692,None,1492202847699,1492202847703,1492202847711,1492202847707,1492202848091,1492202848148,1492202852237,1492202852237,1492202852299
1492202930627,0,0,0,0,1492202930630,1492202930630,1492202930633,1492202930633,1492202930633,None,1492202930644,1492202930648,1492202930650,1492202930649,1492202930661,1492202930694,1492202930882,1492202930882,1492202930883
1492203014752,0,0,0,0,1492203014754,1492203014755,1492203014759,1492203014759,1492203014759,None,1492203014770,1492203014773,1492203014781,1492203014775,1492203015300,1492203015368,1492203018705,1492203018705,1492203018769
1492203085794,0,0,0,0,1492203085797,1492203085797,1492203087829,1492203087829,1492203087831,None,1492203087843,1492203087846,1492203087850,1492203087847,1492203087860,1492203087908,1492203090463,1492203090463,1492203090464
1492203160127,0,0,0,0,1492203160130,1492203160130,1492203160134,1492203160134,1492203160134,None,1492203160145,1492203160148,1492203160150,1492203160149,1492203160164,1492203160210,1492203160513,1492203160513,1492203160514
1492203235729,0,0,0,0,1492203235734,1492203235734,1492203235734,1492203235734,1492203235734,None,1492203235749,1492203235756,1492203235759,1492203235759,1492203235771,1492203235773,1492203236200,1492203236200,1492203236201
1492203313881,0,0,0,0,1492203313885,1492203313885,1492203313910,1492203313910,1492203313910,None,1492203313921,1492203313924,1492203313926,1492203313925,1492203313936,1492203313938,1492203316573,1492203316574,1492203316574
1492203393115,0,0,0,0,1492203393124,1492203393124,1492203393128,1492203393128,1492203393128,None,1492203393137,1492203393152,1492203393154,1492203393153,1492203393168,1492203393170,1492203393637,1492203393638,1492203393638
1492203470814,0,0,0,0,1492203470820,1492203470820,1492203470821,1492203470821,1492203470821,None,1492203470833,1492203470837,1492203470846,1492203470838,1492203471245,1492203471297,1492203474313,1492203474313,1492203474321
1492203548085,0,0,0,0,1492203548088,1492203548088,1492203548092,1492203548092,1492203548092,None,1492203548103,1492203548107,1492203548109,1492203548109,1492203548121,1492203548148,1492203548857,1492203548857,1492203548858
1492203622617,0,0,0,0,1492203622620,1492203622620,1492203622624,1492203622624,1492203622624,None,1492203622635,1492203622638,1492203622641,1492203622640,1492203622655,1492203622714,1492203622994,1492203622994,1492203622995
1492203687803,0,0,0,0,1492203687807,1492203687819,1492203687828,1492203687828,1492203687830,None,1492203687843,1492203687846,1492203687848,1492203687854,1492203687866,1492203687868,1492203688172,1492203688172,1492203688173
1492203768105,0,0,0,0,1492203768118,1492203768118,1492203768140,1492203768140,1492203768140,None,1492203768151,1492203768155,1492203768163,1492203768156,1492203769249,1492203769313,1492203772248,1492203772248,1492203772303
1492203849394,0,0,0,0,1492203849397,1492203849397,1492203849401,1492203849401,1492203849401,None,1492203849409,1492203849414,1492203849417,1492203849415,1492203849430,1492203849485,1492203849826,1492203849826,1492203849827
1492203927786,0,0,0,0,1492203927790,1492203927790,1492203927940,1492203927940,1492203927940,None,1492203927952,1492203927957,1492203927965,1492203927958,1492203928341,1492203928412,1492203932675,1492203932675,1492203932734
1492204009979,0,0,0,0,1492204009982,1492204009982,1492204009986,1492204009986,1492204009986,None,1492204009998,1492204010001,1492204010003,1492204010002,1492204010014,1492204010016,1492204010729,1492204010730,1492204010730
1492204087082,0,0,0,0,1492204087085,1492204087085,1492204087086,1492204087086,1492204087086,None,1492204087097,1492204087101,1492204087109,1492204087102,1492204087573,1492204087664,1492204091427,1492204091427,1492204091483
1492204163674,0,0,0,0,1492204163677,1492204163677,1492204163679,1492204163679,1492204163679,None,1492204163689,1492204163693,1492204163696,1492204163694,1492204163708,1492204163710,1492204164077,1492204164078,1492204164078
1492204234679,0,0,0,0,1492204234681,1492204234681,1492204234682,1492204234682,1492204234682,None,1492204234693,1492204234697,1492204234705,1492204234698,1492204235730,1492204235814,1492204239008,1492204239008,1492204239066
1492204309738,0,0,0,0,1492204309741,1492204309741,1492204311767,1492204311767,1492204311769,None,1492204311778,1492204311790,1492204311792,1492204311791,1492204311802,1492204311804,1492204313729,1492204313730,1492204313730
1492204388754,0,0,0,0,1492204388765,1492204388765,1492204388770,1492204388770,1492204388770,None,1492204388781,1492204388786,1492204388794,1492204388787,1492204389161,1492204389204,1492204393431,1492204393431,1492204393495
1492204466937,0,0,0,0,1492204466941,1492204466941,1492204466941,1492204466941,1492204466941,None,1492204466958,1492204466961,1492204466964,1492204466963,1492204466986,1492204467067,1492204467297,1492204467299,1492204467300
1492204542985,0,0,0,0,1492204542990,1492204542990,1492204543008,1492204543008,1492204543008,None,1492204543009,1492204543013,1492204543021,1492204543014,1492204543358,1492204543468,1492204547125,1492204547125,1492204547185
1492204627742,0,0,0,0,1492204627745,1492204627745,1492204627749,1492204627749,1492204627749,None,1492204627761,1492204627765,1492204627767,1492204627766,1492204627777,1492204627780,1492204628292,1492204628292,1492204628293
1492204709147,0,0,0,0,1492204709150,1492204709150,1492204709174,1492204709174,1492204709174,None,1492204709185,1492204709190,1492204709198,1492204709191,1492204709606,1492204709664,1492204714001,1492204714001,1492204714081
1492204790846,0,0,0,0,1492204790849,1492204790849,1492204790853,1492204790853,1492204790853,None,1492204790861,1492204790865,1492204790867,1492204790867,1492204790878,1492204790879,1492204791260,1492204791260,1492204791261
1492204873882,0,0,0,0,1492204873887,1492204873887,1492204873899,1492204873899,1492204873899,None,1492204873901,1492204873907,1492204873915,1492204873908,1492204874606,1492204874687,1492204878301,1492204878301,1492204878367
1492204955061,0,0,0,0,1492204955065,1492204955065,1492204955066,1492204955066,1492204955066,None,1492204955077,1492204955080,1492204955082,1492204955081,1492204955099,1492204955162,1492204956181,1492204956181,1492204956182
1492205034449,0,0,0,0,1492205034453,1492205034454,1492205036460,1492205036460,1492205036460,None,1492205036471,1492205036476,1492205036478,1492205036477,1492205036489,1492205036490,1492205037176,1492205037176,1492205037177
1492205119806,0,0,0,0,1492205119808,1492205119809,1492205119811,1492205119811,1492205119811,None,1492205119820,1492205119824,1492205119833,1492205119825,1492205120215,1492205120264,1492205124754,1492205124754,1492205124823
1492205201000,0,0,0,0,1492205201003,1492205201004,1492205201057,1492205201057,1492205201057,None,1492205201067,1492205201072,1492205201074,1492205201073,1492205201085,1492205201087,1492205201271,1492205201274,1492205201274
1492205282637,0,0,0,0,1492205282640,1492205282640,1492205282655,1492205282655,1492205282655,None,1492205282668,1492205282671,1492205282679,1492205282675,1492205283133,1492205283192,1492205288213,1492205288214,1492205288269
1492205377210,0,0,0,0,1492205377213,1492205377213,1492205377216,1492205377216,1492205377216,None,1492205377263,1492205377359,1492205377360,1492205377360,1492205377369,1492205377370,1492205384213,1492205384213,1492205384214
1492205482455,0,0,0,0,1492205482459,1492205482459,1492205482465,1492205482465,1492205482465,None,1492205482510,1492205482591,1492205482591,1492205482592,1492205482600,1492205482601,1492205487192,1492205487192,1492205487193
1492205569443,0,0,0,0,1492205569446,1492205569446,1492205569450,1492205569450,1492205569450,None,1492205569496,1492205569595,1492205569595,1492205569596,1492205569604,1492205569605,1492205573181,1492205573182,1492205573183
1492205664356,0,0,0,0,1492205664359,1492205664359,1492205664363,1492205664363,1492205664363,None,1492205664407,1492205666324,1492205666324,1492205666325,1492205666333,1492205666334,1492205669669,1492205669670,1492205669670
1492205762507,0,0,0,0,1492205762513,1492205762513,1492205762517,1492205762517,1492205762517,None,1492205762558,1492205762642,1492205762643,1492205762643,1492205762655,1492205762657,1492205768590,1492205768591,1492205768591
1492205863970,0,0,0,0,1492205863973,1492205863974,1492205863976,1492205863976,1492205863976,None,1492205864034,1492205864284,1492205864284,1492205864285,1492205864295,1492205864296,1492205867936,1492205867936,1492205867937
1492205957314,0,0,0,0,1492205957327,1492205957328,1492205957333,1492205957333,1492205957333,None,1492205957374,1492205957456,1492205957456,1492205957457,1492205957466,1492205957467,1492205962274,1492205962274,1492205962275
1492206068514,0,0,0,0,1492206068517,1492206068517,1492206068520,1492206068520,1492206068520,None,1492206068556,1492206068667,1492206068667,1492206068668,1492206068677,1492206068678,1492206073461,1492206073461,1492206073462
1492206165299,0,0,0,0,1492206165302,1492206165303,1492206165306,1492206165306,1492206165306,None,1492206165347,1492206165446,1492206165446,1492206165447,1492206165455,1492206165457,1492206169134,1492206169135,1492206169136
1492206261657,0,0,0,0,1492206261660,1492206261660,1492206261663,1492206261663,1492206261663,None,1492206261700,1492206261788,1492206261788,1492206261789,1492206261797,1492206261799,1492206265502,1492206265502,1492206265503
1492206365132,0,0,0,0,1492206365136,1492206365136,1492206365139,1492206365139,1492206365139,None,1492206365242,1492206365340,1492206365340,1492206365341,1492206365353,1492206365355,1492206370805,1492206370805,1492206370806
1492206461291,0,0,0,0,1492206461294,1492206461294,1492206461297,1492206461297,1492206461297,None,1492206461357,1492206461438,1492206461439,1492206461439,1492206461447,1492206461449,1492206465622,1492206465622,1492206465623
1492206549490,0,0,0,0,1492206549493,1492206549493,1492206549497,1492206549497,1492206549497,None,1492206549529,1492206549673,1492206549684,1492206549673,1492206549744,1492206549753,1492206553889,1492206553890,1492206553891
1492206648489,0,0,0,0,1492206648492,1492206648492,1492206648493,1492206648493,1492206648493,None,1492206648564,1492206648647,1492206648647,1492206648648,1492206648656,1492206648657,1492206655738,1492206655738,1492206655739
1492206758240,0,0,0,0,1492206758243,1492206758243,1492206758247,1492206758247,1492206758247,None,1492206759279,1492206759367,1492206759368,1492206759368,1492206759377,1492206759378,1492206764719,1492206764720,1492206764720
1492206846541,0,0,0,0,1492206846544,1492206846544,1492206846545,1492206846545,1492206846545,None,1492206846582,1492206846669,1492206846669,1492206846670,1492206846679,1492206846681,1492206851893,1492206851894,1492206851895
1492206943505,0,0,0,0,1492206943519,1492206943519,1492206943527,1492206943527,1492206943527,None,1492206943574,1492206943679,1492206943679,1492206943680,1492206943691,1492206943693,1492206950113,1492206950113,1492206950114
1492207047347,0,0,0,0,1492207047350,1492207047351,1492207047353,1492207047353,1492207047353,None,1492207047384,1492207047620,1492207047620,1492207047621,1492207047629,1492207047630,1492207051868,1492207051868,1492207051869
1492207140732,0,0,0,0,1492207140746,1492207140746,1492207140751,1492207140751,1492207140751,None,1492207140842,1492207141621,1492207141623,1492207142083,1492207142098,1492207142099,1492207148447,1492207148448,1492207148449
1492207250452,0,0,0,0,1492207250454,1492207250455,1492207250465,1492207250465,1492207250465,None,1492207250508,1492207250590,1492207250590,1492207250590,1492207250599,1492207250601,1492207256378,1492207256379,1492207256380
1492207358559,0,0,0,0,1492207358562,1492207358562,1492207358567,1492207358567,1492207358567,None,1492207358657,1492207358742,1492207358743,1492207358743,1492207358752,1492207358753,1492207366592,1492207366592,1492207366593
1492207466690,0,0,0,0,1492207466693,1492207466693,1492207466694,1492207466694,1492207466694,None,1492207466740,1492207466819,1492207466819,1492207466819,1492207466829,1492207466830,1492207473401,1492207473401,1492207473402
1492207559514,0,0,0,0,1492207559517,1492207559517,1492207559519,1492207559519,1492207559519,None,1492207559625,1492207559732,1492207559732,1492207559733,1492207559744,1492207559746,1492207563595,1492207563595,1492207563596
1492207656122,0,0,0,0,1492207656135,1492207656135,1492207656139,1492207656139,1492207656139,None,1492207656192,1492207656276,1492207656276,1492207656277,1492207656285,1492207656346,1492207662695,1492207662696,1492207662696
1492207885812,0,0,0,0,1492207885816,1492207885816,1492207885833,1492207885833,1492207885833,None,1492207887869,1492207887948,1492207887948,1492207887949,1492207887961,1492207887963,1492207891259,1492207891259,1492207891260
1492207980450,0,0,0,0,1492207980453,1492207980462,1492207980478,1492207980478,1492207980479,None,1492207980536,1492207980617,1492207980617,1492207980618,1492207980626,1492207980628,1492207986137,1492207986138,1492207986138
1492208076689,0,0,0,0,1492208076692,1492208076692,1492208076693,1492208076693,1492208076693,None,1492208076779,1492208077837,1492208077837,1492208077838,1492208077852,1492208077853,1492208081565,1492208081565,1492208081566
1492208183094,0,0,0,0,1492208183107,1492208183108,1492208183112,1492208183112,1492208183112,None,1492208183198,1492208183363,1492208183364,1492208183364,1492208183374,1492208183375,1492208188999,1492208188999,1492208189000
1492208281720,0,0,0,0,1492208281722,1492208281723,1492208281723,1492208281723,1492208281723,None,1492208281771,1492208281853,1492208281854,1492208281854,1492208281866,1492208281868,1492208286534,1492208286535,1492208286535
1492208376333,0,0,0,0,1492208376336,1492208376336,1492208376339,1492208376339,1492208376339,None,1492208376376,1492208376573,1492208376573,1492208376574,1492208376588,1492208376589,1492208379922,1492208379922,1492208379923
1492208480292,0,0,0,0,1492208480297,1492208480297,1492208480303,1492208480303,1492208480303,None,1492208480365,1492208480788,1492208480789,1492208481017,1492208481025,1492208481026,1492208485001,1492208485002,1492208485003
1492208573659,0,0,0,0,1492208573663,1492208573663,1492208573688,1492208573688,1492208573688,None,1492208575729,1492208575805,1492208575806,1492208575806,1492208575814,1492208575815,1492208578638,1492208578638,1492208578639
1492208669973,0,0,0,0,1492208669976,1492208669976,1492208669977,1492208669977,1492208669977,None,1492208670086,1492208670199,1492208670199,1492208670200,1492208670208,1492208670210,1492208674408,1492208674409,1492208674409
1492208765592,0,0,0,0,1492208765595,1492208765595,1492208765598,1492208765598,1492208765598,None,1492208765684,1492208765768,1492208765769,1492208765769,1492208765777,1492208765779,1492208768991,1492208768992,1492208768993
1492208865911,0,0,0,0,1492208865914,1492208865917,1492208865918,1492208865918,1492208865919,None,1492208865972,1492208866072,1492208866072,1492208866073,1492208866081,1492208866082,1492208870832,1492208870832,1492208870833
1492208969573,0,0,0,0,1492208969576,1492208969576,1492208969578,1492208969578,1492208969578,None,1492208969666,1492208969748,1492208969748,1492208969749,1492208969757,1492208969758,1492208973255,1492208973256,1492208973256
1492209063199,0,0,0,0,1492209063215,1492209063215,1492209063219,1492209063219,1492209063219,None,1492209064448,1492209064528,1492209064528,1492209064529,1492209064538,1492209064590,1492209066943,1492209066943,1492209066944
1492209156318,0,0,0,0,1492209156321,1492209156321,1492209156325,1492209156325,1492209156325,None,1492209157416,1492209157500,1492209157500,1492209157500,1492209157508,1492209157509,1492209160281,1492209160281,1492209160282
1492209250296,0,0,0,0,1492209250299,1492209250299,1492209250311,1492209250311,1492209250311,None,1492209250372,1492209251237,1492209251237,1492209251239,1492209251254,1492209251256,1492209256129,1492209256130,1492209256131
1492209352224,0,0,0,0,1492209352228,1492209352228,1492209352232,1492209352232,1492209352232,None,1492209352280,1492209352379,1492209352379,1492209352380,1492209352388,1492209352390,1492209358202,1492209358202,1492209358203
1492209443788,0,0,0,0,1492209443792,1492209443792,1492209443809,1492209443809,1492209443809,None,1492209443846,1492209443927,1492209443927,1492209443928,1492209443937,1492209443939,1492209448009,1492209448010,1492209448010
1492209536361,0,0,0,0,1492209536365,1492209536366,1492209536381,1492209536381,1492209536381,None,1492209536415,1492209536493,1492209536494,1492209536494,1492209536502,1492209536503,1492209537579,1492209537580,1492209537580
1492209645617,0,0,0,0,1492209645619,1492209645620,1492209645627,1492209645627,1492209645627,None,1492209645766,1492209645855,1492209645856,1492209645856,1492209645865,1492209645866,1492209650898,1492209650899,1492209650900
1492209743478,0,0,0,0,1492209743482,1492209743482,1492209743483,1492209743483,1492209743483,None,1492209744527,1492209744611,1492209744611,1492209744612,1492209744620,1492209744621,1492209747355,1492209747355,1492209747356
1492209837523,0,0,0,0,1492209837526,1492209837526,1492209837529,1492209837529,1492209837529,None,1492209839596,1492209839682,1492209839682,1492209839683,1492209839692,1492209839693,1492209842574,1492209842574,1492209842575
1492209938883,0,0,0,0,1492209938886,1492209938886,1492209938889,1492209938889,1492209938889,None,1492209938939,1492209939022,1492209939025,1492209939110,1492209939120,1492209939186,1492209945864,1492209945865,1492209945866
1492210046671,0,0,0,0,1492210046674,1492210046674,1492210046705,1492210046705,1492210046705,None,1492210048743,1492210048828,1492210048829,1492210048829,1492210048837,1492210048839,1492210052054,1492210052054,1492210052055
1492210140901,0,0,0,0,1492210140904,1492210140904,1492210140907,1492210140907,1492210140907,None,1492210141024,1492210141104,1492210141105,1492210141105,1492210141113,1492210141114,1492210147071,1492210147071,1492210147072
1492210243228,0,0,0,0,1492210243231,1492210243231,1492210243232,1492210243232,1492210243232,None,1492210243292,1492210243408,1492210243408,1492210243409,1492210243421,1492210243423,1492210249013,1492210249014,1492210249015
1492210344713,0,0,0,0,1492210344724,1492210344725,1492210344733,1492210344733,1492210344733,None,1492210344844,1492210344951,1492210344951,1492210344952,1492210344960,1492210344961,1492210350389,1492210350389,1492210350390
1492210445758,0,0,0,0,1492210445762,1492210445762,1492210445783,1492210445783,1492210445783,None,1492210445829,1492210445912,1492210445912,1492210445913,1492210445921,1492210445922,1492210450071,1492210450072,1492210450073
1492210552898,0,0,0,0,1492210552902,1492210552918,1492210552926,1492210552926,1492210552928,None,1492210553016,1492210553098,1492210553098,1492210553099,1492210553107,1492210553109,1492210557940,1492210557940,1492210557941
1492210656295,0,0,0,0,1492210656300,1492210656300,1492210656306,1492210656306,1492210656306,None,1492210656370,1492210656452,1492210656452,1492210656453,1492210656461,1492210656462,1492210662083,1492210662083,1492210662084
1492210755615,0,0,0,0,1492210755618,1492210755618,1492210755618,1492210755618,1492210755618,None,1492210755661,1492210755746,1492210755746,1492210755747,1492210755756,1492210755757,1492210762122,1492210762122,1492210762123
1492210867405,0,0,0,0,1492210867416,1492210867417,1492210867420,1492210867420,1492210867420,None,1492210867454,1492210867531,1492210867532,1492210867532,1492210867540,1492210867542,1492210873854,1492210873854,1492210873855
1492210971697,0,0,0,0,1492210971700,1492210971700,1492210971703,1492210971703,1492210971703,None,1492210971738,1492210971861,1492210971861,1492210971862,1492210971871,1492210971872,1492210977681,1492210977682,1492210977683
1492211080506,0,0,0,0,1492211080509,1492211080509,1492211080513,1492211080513,1492211080513,None,1492211081544,1492211081639,1492211081639,1492211081640,1492211081649,1492211081650,1492211086259,1492211086260,1492211086261
1492211188550,0,0,0,0,1492211188554,1492211188554,1492211188558,1492211188558,1492211188558,None,1492211188618,1492211188699,1492211188700,1492211188700,1492211188708,1492211188709,1492211194423,1492211194423,1492211194424
1492211289936,0,0,0,0,1492211289940,1492211289940,1492211289943,1492211289943,1492211289943,None,1492211289993,1492211290080,1492211290080,1492211290081,1492211290089,1492211290091,1492211294706,1492211294706,1492211294707
1492211409502,0,0,0,0,1492211409506,1492211409506,1492211409510,1492211409510,1492211409510,None,1492211409562,1492211410798,1492211410801,1492211410799,1492211410809,1492211410810,1492211417741,1492211417742,1492211417742
1492211523046,0,0,0,0,1492211523051,1492211523051,1492211523053,1492211523053,1492211523053,None,1492211523122,1492211523374,1492211523374,1492211523375,1492211523383,1492211523384,1492211529558,1492211529558,1492211529559
1492211625385,0,0,0,0,1492211625397,1492211625398,1492211625401,1492211625401,1492211625401,None,1492211625444,1492211625546,1492211625549,1492211625547,1492211625556,1492211625558,1492211632267,1492211632267,1492211632268
1492211731554,0,0,0,0,1492211731565,1492211731565,1492211731569,1492211731569,1492211731569,None,1492211731622,1492211731701,1492211731702,1492211731702,1492211731711,1492211731712,1492211736977,1492211736977,1492211736978
1492211831753,0,0,0,0,1492211831764,1492211831764,1492211831767,1492211831767,1492211831767,None,1492211831812,1492211831922,1492211831923,1492211831923,1492211831931,1492211831987,1492211837337,1492211837337,1492211837338
1492211931563,0,0,0,0,1492211931567,1492211931567,1492211931568,1492211931568,1492211931568,None,1492211931625,1492211931704,1492211931704,1492211931704,1492211931713,1492211931714,1492211937585,1492211937585,1492211937586
1492212031611,0,0,0,0,1492212031614,1492212031614,1492212031615,1492212031615,1492212031615,None,1492212032655,1492212032736,1492212032737,1492212032736,1492212032745,1492212032746,1492212036366,1492212036366,1492212036367
1492212119865,0,0,0,0,1492212119869,1492212119869,1492212119873,1492212119873,1492212119873,None,1492212119917,1492212119999,1492212119999,1492212120000,1492212120008,1492212120009,1492212125180,1492212125180,1492212125182
1492212226494,0,0,0,0,1492212226497,1492212226497,1492212226498,1492212226498,1492212226498,None,1492212226605,1492212226688,1492212226688,1492212226689,1492212226698,1492212226699,1492212230668,1492212230668,1492212230670
1492212320063,0,0,0,0,1492212320074,1492212320074,1492212320078,1492212320078,1492212320078,None,1492212320133,1492212320225,1492212320225,1492212320226,1492212320234,1492212320236,1492212324167,1492212324167,1492212324168
1492212424163,0,0,0,0,1492212424167,1492212424167,1492212424172,1492212424172,1492212424172,None,1492212424261,1492212424351,1492212424351,1492212424352,1492212424360,1492212424361,1492212425409,1492212425409,1492212425410
1492212528333,0,0,0,0,1492212528337,1492212528337,1492212528338,1492212528338,1492212528338,None,1492212528395,1492212528498,1492212528498,1492212528499,1492212528507,1492212528509,1492212532369,1492212532370,1492212532371
1492212629961,0,0,0,0,1492212629964,1492212629964,1492212629968,1492212629968,1492212629968,None,1492212630011,1492212630207,1492212630207,1492212630208,1492212630212,1492212630212,1492212630798,1492212630798,1492212630799
1492212737816,0,0,0,0,1492212737820,1492212737820,1492212737821,1492212737821,1492212737821,None,1492212737857,1492212737934,1492212737935,1492212737935,1492212737943,1492212738001,1492212742627,1492212742627,1492212742628
1492212846974,0,0,0,0,1492212846983,1492212846983,1492212846987,1492212846987,1492212846987,None,1492212848032,1492212848123,1492212848123,1492212848124,1492212848132,1492212848134,1492212853065,1492212853066,1492212853066
1492212948673,0,0,0,0,1492212948677,1492212948677,1492212948700,1492212948700,1492212948700,None,1492212948861,1492212948941,1492212948941,1492212948942,1492212948950,1492212948951,1492212956467,1492212956467,1492212956468
1492213045079,0,0,0,0,1492213045088,1492213045088,1492213045106,1492213045106,1492213045106,None,1492213045183,1492213045269,1492213045271,1492213045269,1492213045278,1492213045279,1492213050205,1492213050205,1492213050207
1492213148979,0,0,0,0,1492213148981,1492213148982,1492213148986,1492213148986,1492213148986,None,1492213149029,1492213149151,1492213149151,1492213149152,1492213149161,1492213149163,1492213153364,1492213153364,1492213153365
1492213237332,0,0,0,0,1492213237335,1492213237335,1492213237343,1492213237343,1492213237343,None,1492213237387,1492213237492,1492213237492,1492213237493,1492213237501,1492213237503,1492213243261,1492213243262,1492213243263
1492213340209,0,0,0,0,1492213340213,1492213340213,1492213340218,1492213340218,1492213340218,None,1492213340310,1492213340392,1492213340392,1492213340393,1492213340402,1492213340403,1492213346126,1492213346126,1492213346127
1492213448922,0,0,0,0,1492213448926,1492213448926,1492213448956,1492213448956,1492213448958,None,1492213449020,1492213449102,1492213449102,1492213449103,1492213449112,1492213449113,1492213454334,1492213454335,1492213454335
1492213551346,0,0,0,0,1492213551353,1492213551353,1492213551362,1492213551362,1492213551362,None,1492213553406,1492213553486,1492213553487,1492213553487,1492213553495,1492213553497,1492213559242,1492213559242,1492213559243
1492213660458,0,0,0,0,1492213660461,1492213660461,1492213660462,1492213660462,1492213660462,None,1492213660506,1492213660584,1492213660586,1492213660585,1492213660593,1492213660594,1492213666367,1492213666368,1492213666369
1492213757225,0,0,0,0,1492213757228,1492213757229,1492213757236,1492213757236,1492213757236,None,1492213757322,1492213757401,1492213757402,1492213757402,1492213757410,1492213757411,1492213762387,1492213762387,1492213762388
1492213863367,0,0,0,0,1492213863370,1492213863370,1492213863374,1492213863374,1492213863374,None,1492213863418,1492213863513,1492213863514,1492213863514,1492213863523,1492213863524,1492213869039,1492213869039,1492213869040
1492213966006,0,0,0,0,1492213966009,1492213966009,1492213966010,1492213966010,1492213966010,None,1492213967220,1492213967298,1492213967300,1492213967299,1492213967307,1492213967308,1492213982310,1492213982311,1492213982312
1492214097148,0,0,0,0,1492214097151,1492214097151,1492214097153,1492214097153,1492214097153,None,1492214097241,1492214097323,1492214097323,1492214097324,1492214097332,1492214097333,1492214102165,1492214102166,1492214102167
1492214205419,0,0,0,0,1492214205422,1492214205422,1492214205423,1492214205423,1492214205423,None,1492214205515,1492214205595,1492214205595,1492214205596,1492214205605,1492214205606,1492214210565,1492214210565,1492214210566
1492214301028,0,0,0,0,1492214301032,1492214301032,1492214301047,1492214301047,1492214301047,None,1492214301150,1492214301229,1492214301229,1492214301230,1492214301241,1492214301243,1492214305009,1492214305010,1492214305010
1492214389813,0,0,0,0,1492214389823,1492214389823,1492214389827,1492214389827,1492214389827,None,1492214389867,1492214389954,1492214389954,1492214389955,1492214389967,1492214389969,1492214393536,1492214393536,1492214393537
1492214483062,0,0,0,0,1492214483067,1492214483067,1492214483207,1492214483207,1492214483207,None,1492214483296,1492214483377,1492214483377,1492214483378,1492214483386,1492214483388,1492214487209,1492214487210,1492214487210
1492214586598,0,0,0,0,1492214586603,1492214586603,1492214586609,1492214586609,1492214586609,None,1492214586650,1492214586766,1492214586767,1492214586788,1492214586796,1492214586797,1492214591946,1492214591946,1492214591947
1492214689542,0,0,0,0,1492214689544,1492214689545,1492214689548,1492214689548,1492214689548,None,1492214689590,1492214689667,1492214689668,1492214689668,1492214689676,1492214689677,1492214692931,1492214692931,1492214692932
1492214793145,0,0,0,0,1492214793148,1492214793157,1492214793185,1492214793185,1492214793187,None,1492214793276,1492214793358,1492214793358,1492214793359,1492214793367,1492214793368,1492214798808,1492214798809,1492214798810
1492214900005,0,0,0,0,1492214900015,1492214900015,1492214900022,1492214900022,1492214900022,None,1492214901080,1492214901166,1492214901166,1492214901167,1492214901175,1492214901176,1492214903708,1492214903708,1492214903709
1492215003466,0,0,0,0,1492215003479,1492215003479,1492215003485,1492215003485,1492215003485,None,1492215003573,1492215003651,1492215003652,1492215003652,1492215003660,1492215003661,1492215008909,1492215008910,1492215008911
1492215109170,0,0,0,0,1492215109187,1492215109187,1492215109190,1492215109190,1492215109190,None,1492215111245,1492215111339,1492215111339,1492215111340,1492215111348,1492215111349,1492215114752,1492215114752,1492215114753
1492215214034,0,0,0,0,1492215214037,1492215214037,1492215214070,1492215214070,1492215214070,None,1492215214152,1492215214240,1492215214241,1492215214241,1492215214250,1492215214252,1492215219660,1492215219660,1492215219661
1492215309187,0,0,0,0,1492215309191,1492215309191,1492215309194,1492215309194,1492215309194,None,1492215309282,1492215309366,1492215309367,1492215309367,1492215309379,1492215309381,1492215314204,1492215314204,1492215314205
1492215412682,0,0,0,0,1492215412686,1492215412686,1492215412690,1492215412690,1492215412690,None,1492215413731,1492215413813,1492215413814,1492215413814,1492215413823,1492215413824,1492215417494,1492215417494,1492215417495
1492215530554,0,0,0,0,1492215530558,1492215530558,1492215530574,1492215530574,1492215530574,None,1492215530598,1492215530682,1492215530682,1492215530683,1492215530696,1492215530751,1492215537174,1492215537174,1492215537175
1492215626014,0,0,0,0,1492215626020,1492215626020,1492215626034,1492215626034,1492215626034,None,1492215626100,1492215626180,1492215626181,1492215626181,1492215626192,1492215626194,1492215631427,1492215631427,1492215631428
1492215720152,0,0,0,0,1492215720155,1492215720155,1492215720157,1492215720157,1492215720157,None,1492215720243,1492215720325,1492215720326,1492215720326,1492215720335,1492215720336,1492215724372,1492215724372,1492215724372
1492215820082,0,0,0,0,1492215820086,1492215820086,1492215820100,1492215820100,1492215820100,None,1492215820177,1492215820263,1492215820264,1492215820264,1492215820276,1492215820278,1492215826369,1492215826369,1492215826369
1492215924209,0,0,0,0,1492215924212,1492215924212,1492215924213,1492215924213,1492215924213,None,1492215924313,1492215924393,1492215924393,1492215924394,1492215924403,1492215924404,1492215928101,1492215928101,1492215928102
1492216020850,0,0,0,0,1492216020853,1492216020853,1492216020855,1492216020855,1492216020855,None,1492216021939,1492216022020,1492216022022,1492216022021,1492216022029,1492216022030,1492216031607,1492216031609,1492216031609
1492216129236,0,0,0,0,1492216129242,1492216129242,1492216129244,1492216129244,1492216129244,None,1492216129297,1492216129379,1492216129379,1492216129380,1492216129388,1492216129389,1492216135312,1492216135312,1492216135313
1492216223655,0,0,0,0,1492216223659,1492216223659,1492216223662,1492216223662,1492216223662,None,1492216223708,1492216223818,1492216223818,1492216223819,1492216223828,1492216223830,1492216230733,1492216230733,1492216230734
1492216326074,0,0,0,0,1492216326077,1492216326077,1492216326099,1492216326099,1492216326099,None,1492216326174,1492216326256,1492216326256,1492216326258,1492216326268,1492216326330,1492216330397,1492216330397,1492216330398
1492216424772,0,0,0,0,1492216424775,1492216424775,1492216424778,1492216424778,1492216424778,None,1492216424865,1492216424944,1492216424946,1492216424944,1492216424953,1492216424954,1492216430357,1492216430357,1492216430358
1492216589159,0,0,0,0,1492216589169,1492216589169,1492216589170,1492216589170,1492216589170,None,1492216589205,1492216589305,1492216589305,1492216589306,1492216589316,1492216589317,1492216590564,1492216590564,1492216590565
1492216696893,0,0,0,0,1492216696896,1492216696896,1492216696896,1492216696896,1492216696896,None,1492216696941,1492216697525,1492216697556,1492216697526,1492216697593,1492216697593,1492216702017,1492216702018,1492216702018
1492216794975,0,0,0,0,1492216794977,1492216794978,1492216794980,1492216794980,1492216794980,None,1492216795070,1492216795154,1492216795154,1492216795155,1492216795163,1492216795164,1492216799720,1492216799720,1492216799721
1492216894960,0,0,0,0,1492216894970,1492216894970,1492216894975,1492216894975,1492216894975,None,1492216895067,1492216895172,1492216895172,1492216895173,1492216895184,1492216895242,1492216899228,1492216899229,1492216899229
1492217002362,0,0,0,0,1492217002365,1492217002385,1492217002388,1492217002388,1492217002390,None,1492217002480,1492217002559,1492217002561,1492217002560,1492217002569,1492217002570,1492217007238,1492217007238,1492217007239
1492217105562,0,0,0,0,1492217105566,1492217105566,1492217105568,1492217105568,1492217105568,None,1492217106655,1492217106739,1492217106739,1492217106740,1492217106752,1492217106753,1492217111807,1492217111807,1492217111808
1492217214876,0,0,0,0,1492217214879,1492217214879,1492217214884,1492217214884,1492217214884,None,1492217214995,1492217215098,1492217215098,1492217215099,1492217215108,1492217215110,1492217219670,1492217219670,1492217219671
1492217319386,0,0,0,0,1492217319390,1492217319390,1492217319468,1492217319468,1492217319470,None,1492217319516,1492217319629,1492217319629,1492217319630,1492217319643,1492217319645,1492217326245,1492217326245,1492217326247
1492217421282,0,0,0,0,1492217421286,1492217421286,1492217421290,1492217421290,1492217421290,None,1492217421346,1492217421427,1492217421428,1492217421428,1492217421436,1492217421437,1492217426447,1492217426447,1492217426448
1492217521269,0,0,0,0,1492217521272,1492217521272,1492217521275,1492217521275,1492217521275,None,1492217521310,1492217521796,1492217521796,1492217521797,1492217521805,1492217521807,1492217527281,1492217527281,1492217527282
1492217623966,0,0,0,0,1492217623969,1492217623969,1492217623972,1492217623972,1492217623972,None,1492217624010,1492217624104,1492217624105,1492217624105,1492217624114,1492217624115,1492217628456,1492217628456,1492217628457
1492217718967,0,0,0,0,1492217718970,1492217718970,1492217718975,1492217718975,1492217718975,None,1492217719012,1492217719100,1492217719100,1492217719101,1492217719109,1492217719111,1492217725703,1492217725704,1492217725705
1492217826642,0,0,0,0,1492217826645,1492217826645,1492217826648,1492217826648,1492217826648,None,1492217826696,1492217826780,1492217826780,1492217826781,1492217826790,1492217826791,1492217832074,1492217832074,1492217832075
1492217944685,0,0,0,0,1492217944689,1492217944689,1492217944693,1492217944693,1492217944693,None,1492217944728,1492217944808,1492217944810,1492217944808,1492217944818,1492217944819,1492217950306,1492217950307,1492217950308
1492218043273,0,0,0,0,1492218043277,1492218043277,1492218043278,1492218043278,1492218043278,None,1492218043375,1492218043458,1492218043462,1492218043459,1492218043511,1492218043511,1492218047330,1492218047330,1492218047331
1492218145671,0,0,0,0,1492218145676,1492218145676,1492218145689,1492218145689,1492218145689,None,1492218145718,1492218145795,1492218145899,1492218145795,1492218145900,1492218145900,1492218150378,1492218150378,1492218150379
1492218265094,0,0,0,0,1492218265097,1492218265097,1492218265099,1492218265099,1492218265099,None,1492218265219,1492218265300,1492218265300,1492218265301,1492218265310,1492218265311,1492218271006,1492218271006,1492218271007
1492218378604,0,0,0,0,1492218378607,1492218378607,1492218378609,1492218378609,1492218378609,None,1492218380697,1492218380779,1492218380779,1492218380780,1492218380789,1492218380790,1492218383073,1492218383073,1492218383074
1492218488710,0,0,0,0,1492218488713,1492218488713,1492218488718,1492218488718,1492218488718,None,1492218488808,1492218488900,1492218488901,1492218488901,1492218488909,1492218488911,1492218493419,1492218493419,1492218493420
1492218599274,0,0,0,0,1492218599279,1492218599279,1492218599305,1492218599305,1492218599305,None,1492218599392,1492218599471,1492218599471,1492218599472,1492218599480,1492218599481,1492218603057,1492218603057,1492218603058
1492218692061,0,0,0,0,1492218692064,1492218692064,1492218692065,1492218692065,1492218692065,None,1492218692143,1492218692223,1492218692223,1492218692224,1492218692233,1492218692234,1492218696304,1492218696304,1492218696305
1492218785852,0,0,0,0,1492218785865,1492218785865,1492218785868,1492218785868,1492218785868,None,1492218786897,1492218786984,1492218786984,1492218786985,1492218786994,1492218786995,1492218792353,1492218792354,1492218792355
1492218890656,0,0,0,0,1492218890660,1492218890660,1492218890661,1492218890661,1492218890661,None,1492218890697,1492218890777,1492218890779,1492218890778,1492218890790,1492218890792,1492218896945,1492218896945,1492218896946
1492219039774,0,0,0,0,1492219039778,1492219039779,1492219039792,1492219039792,1492219039792,None,1492219039827,1492219039930,1492219039930,1492219039931,1492219039940,1492219039941,1492219045133,1492219045133,1492219045134
1492219187049,0,0,0,0,1492219187053,1492219187053,1492219187055,1492219187055,1492219187055,None,1492219187101,1492219187183,1492219187183,1492219187184,1492219187192,1492219187194,1492219192274,1492219192274,1492219192275
1492219305909,0,0,0,0,1492219305914,1492219305914,1492219305917,1492219305917,1492219305917,None,1492219306008,1492219306089,1492219306089,1492219306090,1492219306099,1492219306100,1492219310621,1492219310621,1492219310622
1492219404052,0,0,0,0,1492219404054,1492219404055,1492219404055,1492219404055,1492219404055,None,1492219404095,1492219404199,1492219404199,1492219404200,1492219404208,1492219404210,1492219408357,1492219408357,1492219408358
1492219494408,0,0,0,0,1492219494411,1492219494411,1492219494415,1492219494415,1492219494415,None,1492219494510,1492219494593,1492219494594,1492219494594,1492219494602,1492219494603,1492219495650,1492219495651,1492219495651
1492219584395,0,0,0,0,1492219584400,1492219584400,1492219584415,1492219584415,1492219584415,None,1492219584440,1492219584536,1492219584555,1492219584537,1492219584594,1492219584594,1492219588559,1492219588559,1492219588560
1492219682150,0,0,0,0,1492219682153,1492219682153,1492219682160,1492219682160,1492219682165,None,1492219682196,1492219682282,1492219682282,1492219682282,1492219682290,1492219682292,1492219686888,1492219686888,1492219686889
1492219777243,0,0,0,0,1492219777248,1492219777249,1492219777251,1492219777251,1492219777251,None,1492219778345,1492219778588,1492219778589,1492219778589,1492219778599,1492219778600,1492219782126,1492219782126,1492219782127
1492219867825,0,0,0,0,1492219867833,1492219867833,1492219867836,1492219867836,1492219867836,None,1492219867883,1492219867987,1492219867987,1492219867988,1492219867999,1492219868001,1492219872937,1492219872937,1492219872938
1492219986839,0,0,0,0,1492219986842,1492219986842,1492219986849,1492219986849,1492219986849,None,1492219986934,1492219987015,1492219987015,1492219987110,1492219987119,1492219987121,1492219991469,1492219991469,1492219991470
1492220082089,0,0,0,0,1492220082092,1492220082092,1492220082107,1492220082107,1492220082107,None,1492220082173,1492220082253,1492220082253,1492220082254,1492220082262,1492220082264,1492220086380,1492220086380,1492220086381
1492220185592,0,0,0,0,1492220185595,1492220185595,1492220185596,1492220185596,1492220185596,None,1492220186631,1492220186714,1492220186714,1492220186715,1492220186723,1492220186724,1492220191205,1492220191205,1492220191206
1492220288331,0,0,0,0,1492220288334,1492220288334,1492220288338,1492220288338,1492220288338,None,1492220288412,1492220288492,1492220288492,1492220288493,1492220288501,1492220288503,1492220294774,1492220294774,1492220294775
1492220385274,0,0,0,0,1492220385277,1492220385278,1492220385281,1492220385281,1492220385281,None,1492220385317,1492220385423,1492220385423,1492220385424,1492220385432,1492220385434,1492220391485,1492220391486,1492220391486
1492220544736,0,0,0,0,1492220544740,1492220544740,1492220544747,1492220544747,1492220544747,None,1492220545786,1492220545869,1492220545869,1492220545870,1492220545878,1492220545879,1492220550450,1492220550450,1492220550451
1492220636243,0,0,0,0,1492220636246,1492220636246,1492220636253,1492220636253,1492220636253,None,1492220636289,1492220636370,1492220636370,1492220636371,1492220636379,1492220636380,1492220637029,1492220637029,1492220637030
1492220752042,0,0,0,0,1492220752047,1492220752047,1492220752061,1492220752061,1492220752061,None,1492220752096,1492220752185,1492220752186,1492220752186,1492220752197,1492220752199,1492220755796,1492220755796,1492220755797
1492220841705,0,0,0,0,1492220841710,1492220841710,1492220841713,1492220841713,1492220841713,None,1492220841759,1492220842857,1492220842858,1492220842858,1492220842867,1492220842869,1492220848313,1492220848313,1492220848314
1492220930663,0,0,0,0,1492220930666,1492220930667,1492220930671,1492220930671,1492220930671,None,1492220930704,1492220930800,1492220930800,1492220930801,1492220930810,1492220930811,1492220932953,1492220932953,1492220932954
1492221079573,0,0,0,0,1492221079576,1492221079576,1492221079579,1492221079579,1492221079579,None,1492221080665,1492221080746,1492221080746,1492221080747,1492221080757,1492221080758,1492221083858,1492221083858,1492221083859
1492221172139,0,0,0,0,1492221172143,1492221172143,1492221172149,1492221172149,1492221172149,None,1492221172211,1492221172452,1492221172452,1492221172676,1492221172689,1492221172690,1492221177411,1492221177411,1492221177412
1492221263234,0,0,0,0,1492221263237,1492221263237,1492221263242,1492221263242,1492221263242,None,1492221263287,1492221263371,1492221263371,1492221263372,1492221263380,1492221263381,1492221267743,1492221267743,1492221267744
1492221371608,0,0,0,0,1492221371622,1492221371622,1492221371627,1492221371627,1492221371627,None,1492221371676,1492221371785,1492221371786,1492221371786,1492221371798,1492221371800,1492221376260,1492221376260,1492221376261
1492221464432,0,0,0,0,1492221464435,1492221464435,1492221464438,1492221464438,1492221464438,None,1492221465485,1492221465586,1492221465588,1492221465587,1492221465596,1492221465597,1492221468145,1492221468145,1492221468146
1492221556525,0,0,0,0,1492221556529,1492221556529,1492221556532,1492221556532,1492221556532,None,1492221556605,1492221556689,1492221556689,1492221556689,1492221556698,1492221556699,1492221562490,1492221562490,1492221562491
1492221655853,0,0,0,0,1492221655856,1492221655856,1492221655859,1492221655859,1492221655859,None,1492221655909,1492221655992,1492221655992,1492221655993,1492221656002,1492221656004,1492221660992,1492221660992,1492221660992
1492221746440,0,0,0,0,1492221746445,1492221746445,1492221746460,1492221746460,1492221746460,None,1492221746499,1492221746584,1492221746584,1492221746585,1492221746593,1492221746595,1492221752070,1492221752071,1492221752072
1492221840566,0,0,0,0,1492221840579,1492221840579,1492221840583,1492221840583,1492221840583,None,1492221842638,1492221842717,1492221842719,1492221842718,1492221842728,1492221842782,1492221846490,1492221846490,1492221846491
1492221947338,0,0,0,0,1492221947343,1492221947343,1492221947346,1492221947346,1492221947346,None,1492221947381,1492221947482,1492221947482,1492221947483,1492221947492,1492221947494,1492221953839,1492221953839,1492221953840
1492222055926,0,0,0,0,1492222055929,1492222055929,1492222055930,1492222055930,1492222055930,None,1492222055964,1492222056824,1492222056825,1492222056825,1492222056834,1492222056835,1492222062425,1492222062425,1492222062426
1492222151705,0,0,0,0,1492222151708,1492222151708,1492222151709,1492222151709,1492222151709,None,1492222151757,1492222152693,1492222152695,1492222152694,1492222152708,1492222152710,1492222156429,1492222156430,1492222156430
1492222248220,0,0,0,0,1492222248231,1492222248231,1492222248236,1492222248236,1492222248236,None,1492222248285,1492222248366,1492222248366,1492222248367,1492222248376,1492222248377,1492222253200,1492222253201,1492222253202
1492222416370,0,0,0,0,1492222416373,1492222416373,1492222416405,1492222416405,1492222416405,None,1492222416451,1492222416546,1492222416546,1492222416547,1492222416556,1492222416627,1492222421370,1492222421370,1492222421371
1492222524531,0,0,0,0,1492222524534,1492222524534,1492222524536,1492222524536,1492222524536,None,1492222524569,1492222525564,1492222525598,1492222525564,1492222525603,1492222525605,1492222531807,1492222531807,1492222531808
1492222624586,0,0,0,0,1492222624588,1492222624588,1492222624589,1492222624589,1492222624589,None,1492222624636,1492222624741,1492222624741,1492222624742,1492222624750,1492222624751,1492222628435,1492222628435,1492222628436
1492222726980,0,0,0,0,1492222726985,1492222726985,1492222727017,1492222727017,1492222727017,None,1492222727056,1492222727454,1492222727454,1492222727455,1492222727463,1492222727464,1492222731727,1492222731728,1492222731729
1492222825854,0,0,0,0,1492222825857,1492222825857,1492222825857,1492222825857,1492222825857,None,1492222825893,1492222825978,1492222825980,1492222825979,1492222825987,1492222825989,1492222830518,1492222830518,1492222830519
1492222922649,0,0,0,0,1492222922657,1492222922657,1492222922689,1492222922689,1492222922689,None,1492222922726,1492222922811,1492222922811,1492222922812,1492222922820,1492222922821,1492222928218,1492222928218,1492222928219
1492223020872,0,0,0,0,1492223020874,1492223020874,1492223020877,1492223020877,1492223020877,None,1492223020911,1492223020990,1492223020990,1492223020990,1492223020999,1492223021001,1492223025138,1492223025139,1492223025140
1492223107053,0,0,0,0,1492223107057,1492223107057,1492223107060,1492223107060,1492223107060,None,1492223107119,1492223107583,1492223107583,1492223107584,1492223107596,1492223107598,1492223112529,1492223112529,1492223112531
1492223224512,0,0,0,0,1492223224515,1492223224515,1492223224515,1492223224515,1492223224515,None,1492223224554,1492223224663,1492223224663,1492223224844,1492223224851,1492223224853,1492223230440,1492223230440,1492223230441
1492223318675,0,0,0,0,1492223318678,1492223318678,1492223318683,1492223318683,1492223318683,None,1492223318726,1492223318804,1492223318805,1492223318805,1492223318814,1492223318816,1492223323559,1492223323559,1492223323560
1492223414399,0,0,0,0,1492223414402,1492223414402,1492223414403,1492223414403,1492223414403,None,1492223414449,1492223414530,1492223414530,1492223414531,1492223414539,1492223414541,1492223419483,1492223419484,1492223419485
1492223513054,0,0,0,0,1492223513057,1492223513057,1492223513070,1492223513070,1492223513071,None,1492223513160,1492223513255,1492223513255,1492223513256,1492223513264,1492223513265,1492223519138,1492223519138,1492223519139
1492223629435,0,0,0,0,1492223629439,1492223629439,1492223629442,1492223629442,1492223629442,None,1492223629503,1492223629586,1492223629586,1492223629587,1492223629596,1492223629597,1492223634821,1492223634821,1492223634822
1492223729311,0,0,0,0,1492223729315,1492223729315,1492223729328,1492223729328,1492223729328,None,1492223729411,1492223729520,1492223729520,1492223729521,1492223729529,1492223729530,1492223734120,1492223734120,1492223734121
1492223822638,0,0,0,0,1492223822641,1492223822641,1492223822644,1492223822644,1492223822644,None,1492223822678,1492223822778,1492223822778,1492223822779,1492223822788,1492223822789,1492223827065,1492223827065,1492223827066
1492223980230,0,0,0,0,1492223980233,1492223980233,1492223980258,1492223980258,1492223980258,None,1492223980304,1492223980401,1492223980401,1492223980402,1492223980411,1492223980412,1492223982276,1492223982276,1492223982277
1492224066322,0,0,0,0,1492224066326,1492224066326,1492224066329,1492224066329,1492224066329,None,1492224066390,1492224066471,1492224066471,1492224066472,1492224066480,1492224066482,1492224070783,1492224070783,1492224070784
1492224160074,0,0,0,0,1492224160077,1492224160077,1492224160079,1492224160079,1492224160079,None,1492224160138,1492224160217,1492224160217,1492224160218,1492224160226,1492224160227,1492224165066,1492224165066,1492224165067
1492224258915,0,0,0,0,1492224258918,1492224258918,1492224258931,1492224258931,1492224258931,None,1492224258984,1492224259069,1492224259069,1492224259070,1492224259078,1492224259079,1492224263931,1492224263931,1492224263932
1492224361184,0,0,0,0,1492224361188,1492224361188,1492224361189,1492224361189,1492224361189,None,1492224361238,1492224361321,1492224361321,1492224361322,1492224361333,1492224361335,1492224365790,1492224365790,1492224365792
1492224464822,0,0,0,0,1492224464825,1492224464826,1492224464830,1492224464830,1492224464830,None,1492224464866,1492224464975,1492224464976,1492224464977,1492224464990,1492224464992,1492224470056,1492224470056,1492224470057
1492224569723,0,0,0,0,1492224569726,1492224569726,1492224569730,1492224569730,1492224569730,None,1492224569774,1492224569883,1492224569884,1492224569884,1492224569893,1492224569894,1492224576894,1492224576895,1492224576896
1492224666973,0,0,0,0,1492224666987,1492224666987,1492224666988,1492224666988,1492224666988,None,1492224667044,1492224667144,1492224667144,1492224667145,1492224667153,1492224667155,1492224673289,1492224673290,1492224673290
1492224760495,0,0,0,0,1492224760500,1492224760500,1492224760502,1492224760502,1492224760502,None,1492224760555,1492224760642,1492224760642,1492224760643,1492224760653,1492224760654,1492224765566,1492224765566,1492224765567
1492224856207,0,0,0,0,1492224856211,1492224856211,1492224856287,1492224856287,1492224856287,None,1492224856338,1492224856444,1492224856446,1492224856444,1492224856454,1492224856455,1492224861337,1492224861337,1492224861338
1492224963023,0,0,0,0,1492224963027,1492224963027,1492224963028,1492224963028,1492224963028,None,1492224963083,1492224963168,1492224963168,1492224963169,1492224963178,1492224963180,1492224969635,1492224969635,1492224969636
1492225053749,0,0,0,0,1492225053752,1492225053752,1492225053753,1492225053753,1492225053753,None,1492225053846,1492225053947,1492225053949,1492225053948,1492225053956,1492225053958,1492225057430,1492225057430,1492225057431
1492225143573,0,0,0,0,1492225143577,1492225143577,1492225143584,1492225143584,1492225143584,None,1492225143674,1492225143758,1492225143758,1492225143759,1492225143771,1492225143773,1492225149505,1492225149505,1492225149507
1492225235920,0,0,0,0,1492225235923,1492225235923,1492225235927,1492225235927,1492225235929,None,1492225235996,1492225236093,1492225236093,1492225236094,1492225236103,1492225236105,1492225238572,1492225238572,1492225238573
1492225335631,0,0,0,0,1492225335634,1492225335634,1492225335637,1492225335637,1492225335637,None,1492225335684,1492225335782,1492225335783,1492225335783,1492225335792,1492225335793,1492225336913,1492225336913,1492225336914
1492225423764,0,0,0,0,1492225423779,1492225423779,1492225423783,1492225423783,1492225423783,None,1492225423825,1492225423926,1492225423926,1492225423927,1492225423941,1492225423943,1492225428712,1492225428713,1492225428713
1492225516525,0,0,0,0,1492225516528,1492225516528,1492225516531,1492225516531,1492225516531,None,1492225516563,1492225516642,1492225516643,1492225516643,1492225516654,1492225516656,1492225522162,1492225522163,1492225522163
1492225622949,0,0,0,0,1492225622953,1492225622953,1492225622959,1492225622959,1492225622959,None,1492225623049,1492225623128,1492225623129,1492225623129,1492225623137,1492225623204,1492225629755,1492225629755,1492225629756
1492225722360,0,0,0,0,1492225722377,1492225722378,1492225722383,1492225722383,1492225722383,None,1492225723420,1492225723504,1492225723504,1492225723505,1492225723513,1492225723514,1492225728730,1492225728730,1492225728731
1492225834342,0,0,0,0,1492225834346,1492225834346,1492225834350,1492225834350,1492225834350,None,1492225834446,1492225834529,1492225834530,1492225834530,1492225834539,1492225834541,1492225839741,1492225839742,1492225839743
1492225927104,0,0,0,0,1492225927107,1492225927107,1492225927110,1492225927110,1492225927110,None,1492225927161,1492225927243,1492225927244,1492225927245,1492225927255,1492225927257,1492225932528,1492225932529,1492225932530
1492226034508,0,0,0,0,1492226034510,1492226034510,1492226034533,1492226034533,1492226034533,None,1492226034567,1492226034648,1492226034649,1492226034649,1492226034658,1492226034659,1492226039175,1492226039176,1492226039177
1492226134183,0,0,0,0,1492226134186,1492226134186,1492226134187,1492226134187,1492226134187,None,1492226134250,1492226134359,1492226134360,1492226134360,1492226134369,1492226134371,1492226137777,1492226137777,1492226137778
1492226232954,0,0,0,0,1492226232957,1492226232957,1492226232958,1492226232958,1492226232958,None,1492226233014,1492226233127,1492226233128,1492226233128,1492226233140,1492226233142,1492226237961,1492226237962,1492226237962
1492226339466,0,0,0,0,1492226339474,1492226339474,1492226339477,1492226339477,1492226339477,None,1492226339526,1492226339607,1492226339607,1492226339608,1492226339616,1492226339617,1492226344097,1492226344098,1492226344098
1492226449264,0,0,0,0,1492226449267,1492226449267,1492226449269,1492226449269,1492226449269,None,1492226449313,1492226449394,1492226449395,1492226449395,1492226449406,1492226449407,1492226453928,1492226453928,1492226453929
1492226551845,0,0,0,0,1492226551848,1492226551848,1492226551853,1492226551853,1492226551853,None,1492226551903,1492226551992,1492226551993,1492226551994,1492226552003,1492226552004,1492226558230,1492226558230,1492226558231
1492226654233,0,0,0,0,1492226654244,1492226654244,1492226654245,1492226654245,1492226654245,None,1492226654294,1492226654382,1492226654382,1492226654383,1492226654394,1492226654396,1492226660883,1492226660884,1492226660884
1492226751687,0,0,0,0,1492226751690,1492226751690,1492226751692,1492226751692,1492226751692,None,1492226751730,1492226751811,1492226751812,1492226751812,1492226751822,1492226751823,1492226756650,1492226756650,1492226756651
1492226856062,0,0,0,0,1492226856065,1492226856065,1492226856090,1492226856090,1492226856090,None,1492226856167,1492226856254,1492226856255,1492226856255,1492226856265,1492226856266,1492226864430,1492226864431,1492226864432
1492227004291,0,0,0,0,1492227004294,1492227004294,1492227004296,1492227004296,1492227004296,None,1492227004345,1492227004426,1492227004427,1492227004427,1492227004435,1492227004437,1492227007023,1492227007024,1492227007024
1492227091649,0,0,0,0,1492227091652,1492227091652,1492227091654,1492227091654,1492227091654,None,1492227091703,1492227091784,1492227091784,1492227091785,1492227091793,1492227091794,1492227096764,1492227096765,1492227096766
1492227193720,0,0,0,0,1492227193725,1492227193725,1492227193729,1492227193729,1492227193729,None,1492227193786,1492227193887,1492227193888,1492227193888,1492227193898,1492227193900,1492227197106,1492227197107,1492227197108
1492227287148,0,0,0,0,1492227287151,1492227287151,1492227287178,1492227287178,1492227287178,None,1492227287231,1492227287341,1492227287341,1492227287342,1492227287351,1492227287413,1492227291844,1492227291845,1492227291845
1492227391797,0,0,0,0,1492227391803,1492227391803,1492227391806,1492227391806,1492227391806,None,1492227391865,1492227391946,1492227391948,1492227391947,1492227391956,1492227391957,1492227397215,1492227397216,1492227397217
1492227481107,0,0,0,0,1492227481110,1492227481110,1492227481160,1492227481160,1492227481160,None,1492227481272,1492227481351,1492227481352,1492227481352,1492227481360,1492227481361,1492227485793,1492227485793,1492227485794
1492227576566,0,0,0,0,1492227576569,1492227576569,1492227576571,1492227576571,1492227576571,None,1492227576617,1492227576733,1492227576733,1492227576734,1492227576743,1492227576744,1492227581796,1492227581796,1492227581797
1492227679694,0,0,0,0,1492227679697,1492227679697,1492227679702,1492227679702,1492227679702,None,1492227679742,1492227679825,1492227679826,1492227679826,1492227679834,1492227679835,1492227685059,1492227685059,1492227685060
1492227779942,0,0,0,0,1492227779945,1492227779945,1492227779949,1492227779949,1492227779949,None,1492227779995,1492227780094,1492227780096,1492227780096,1492227780113,1492227780114,1492227784050,1492227784051,1492227784052
1492227883076,0,0,0,0,1492227883080,1492227883080,1492227883082,1492227883082,1492227883083,None,1492227883127,1492227883210,1492227883210,1492227883211,1492227883223,1492227883224,1492227888626,1492227888626,1492227888627
1492227972755,0,0,0,0,1492227972762,1492227972762,1492227972763,1492227972763,1492227972763,None,1492227972798,1492227972879,1492227972879,1492227972880,1492227972887,1492227972889,1492227977376,1492227977376,1492227977377
1492228067314,0,0,0,0,1492228067317,1492228067317,1492228067323,1492228067323,1492228067323,None,1492228067362,1492228067444,1492228067444,1492228067445,1492228067454,1492228067512,1492228072905,1492228072906,1492228072906
1492228167332,0,0,0,0,1492228167335,1492228167335,1492228167339,1492228167339,1492228167339,None,1492228167379,1492228167457,1492228167458,1492228167458,1492228167466,1492228167468,1492228172191,1492228172191,1492228172192
1492228256880,0,0,0,0,1492228256883,1492228256883,1492228256885,1492228256885,1492228256885,None,1492228256933,1492228257012,1492228257013,1492228257013,1492228257022,1492228257023,1492228261603,1492228261604,1492228261605
1492228353129,0,0,0,0,1492228353135,1492228353135,1492228353139,1492228353139,1492228353139,None,1492228353235,1492228353317,1492228353317,1492228353317,1492228353326,1492228353328,1492228356830,1492228356830,1492228356831
1492228457866,0,0,0,0,1492228457870,1492228457870,1492228458996,1492228458996,1492228458996,None,1492228459033,1492228459114,1492228459114,1492228459115,1492228459123,1492228459124,1492228463216,1492228463216,1492228463217
1492228557799,0,0,0,0,1492228557802,1492228557802,1492228557806,1492228557806,1492228557806,None,1492228557849,1492228557937,1492228557938,1492228557938,1492228557948,1492228557950,1492228562781,1492228562781,1492228562782
1492228665789,0,0,0,0,1492228665792,1492228665793,1492228665795,1492228665795,1492228665795,None,1492228665833,1492228665951,1492228665951,1492228665952,1492228665960,1492228665961,1492228671471,1492228671471,1492228671472
1492228772809,0,0,0,0,1492228772812,1492228772830,1492228772853,1492228772853,1492228772854,None,1492228772902,1492228772983,1492228772983,1492228772984,1492228772993,1492228772994,1492228778570,1492228778571,1492228778572
1492228876321,0,0,0,0,1492228876324,1492228876324,1492228876329,1492228876329,1492228876329,None,1492228876379,1492228876462,1492228876462,1492228876463,1492228876471,1492228876473,1492228881653,1492228881654,1492228881654
1492228979441,0,0,0,0,1492228979444,1492228979444,1492228979445,1492228979445,1492228979445,None,1492228979501,1492228979607,1492228979607,1492228979608,1492228979616,1492228979617,1492228983844,1492228983845,1492228983846
1492229081510,0,0,0,0,1492229081513,1492229081513,1492229081514,1492229081514,1492229081514,None,1492229081565,1492229081666,1492229081666,1492229081667,1492229081674,1492229081676,1492229086719,1492229086720,1492229086721
1492229178585,0,0,0,0,1492229178591,1492229178591,1492229178596,1492229178596,1492229178596,None,1492229178647,1492229178741,1492229178741,1492229178742,1492229178753,1492229178755,1492229184420,1492229184421,1492229184422
1492229281452,0,0,0,0,1492229281455,1492229281455,1492229281459,1492229281459,1492229281459,None,1492229281511,1492229281609,1492229281610,1492229281610,1492229281618,1492229281619,1492229286172,1492229286173,1492229286173
1492229377595,0,0,0,0,1492229377600,1492229377600,1492229377604,1492229377604,1492229377604,None,1492229377650,1492229377750,1492229377751,1492229377752,1492229377760,1492229377761,1492229383439,1492229383439,1492229383440
1492229484165,0,0,0,0,1492229484167,1492229484167,1492229484169,1492229484169,1492229484169,None,1492229484216,1492229484311,1492229484311,1492229484312,1492229484321,1492229484322,1492229489284,1492229489285,1492229489286
1492229587215,0,0,0,0,1492229587226,1492229587226,1492229587244,1492229587244,1492229587244,None,1492229587280,1492229587360,1492229587362,1492229587361,1492229587369,1492229587371,1492229594241,1492229594241,1492229594241
1492229684904,0,0,0,0,1492229684907,1492229684907,1492229684908,1492229684908,1492229684908,None,1492229684955,1492229685039,1492229685039,1492229685040,1492229685048,1492229685049,1492229689862,1492229689863,1492229689865
1492229780561,0,0,0,0,1492229780572,1492229780572,1492229780577,1492229780577,1492229780577,None,1492229780626,1492229780707,1492229780707,1492229780708,1492229780716,1492229780718,1492229785849,1492229785849,1492229785850
1492229887779,0,0,0,0,1492229887784,1492229887784,1492229887802,1492229887802,1492229887802,None,1492229887836,1492229887954,1492229887954,1492229887955,1492229887964,1492229887965,1492229893675,1492229893676,1492229893676
1492230000333,0,0,0,0,1492230000336,1492230000336,1492230000337,1492230000337,1492230000337,None,1492230000384,1492230000489,1492230000495,1492230000490,1492230000506,1492230000506,1492230006478,1492230006478,1492230006479
1492230107327,0,0,0,0,1492230107330,1492230107330,1492230107333,1492230107333,1492230107333,None,1492230108437,1492230108537,1492230108537,1492230108538,1492230108546,1492230108547,1492230114273,1492230114274,1492230114275
1492230219886,0,0,0,0,1492230219890,1492230219890,1492230219916,1492230219916,1492230219916,None,1492230220005,1492230220090,1492230220090,1492230220091,1492230220099,1492230220100,1492230225259,1492230225260,1492230225261
1492230320400,0,0,0,0,1492230320403,1492230320403,1492230320407,1492230320407,1492230320407,None,1492230320446,1492230320528,1492230320528,1492230320529,1492230320537,1492230320539,1492230325969,1492230325969,1492230325970
1492230422244,0,0,0,0,1492230422247,1492230422247,1492230422256,1492230422256,1492230422256,None,1492230422299,1492230422381,1492230422381,1492230422382,1492230422390,1492230422391,1492230428344,1492230428344,1492230428345
1492230525615,0,0,0,0,1492230525618,1492230525618,1492230525619,1492230525619,1492230525619,None,1492230525670,1492230525755,1492230525755,1492230525756,1492230525765,1492230525766,1492230529354,1492230529354,1492230529355
1492230624420,0,0,0,0,1492230624433,1492230624433,1492230624438,1492230624438,1492230624438,None,1492230624484,1492230624580,1492230624580,1492230624581,1492230624589,1492230624590,1492230630081,1492230630081,1492230630082
1492230723835,0,0,0,0,1492230723838,1492230723838,1492230723843,1492230723843,1492230723843,None,1492230723895,1492230723979,1492230723981,1492230723980,1492230723992,1492230723994,1492230728357,1492230728357,1492230728358
1492230828494,0,0,0,0,1492230828505,1492230828505,1492230828509,1492230828509,1492230828509,None,1492230828555,1492230828997,1492230828997,1492230828998,1492230829007,1492230829067,1492230836175,1492230836176,1492230836177
1492230945186,0,0,0,0,1492230945192,1492230945193,1492230945196,1492230945196,1492230945196,None,1492230945243,1492230945327,1492230945360,1492230945328,1492230945436,1492230945437,1492230950815,1492230950816,1492230950817
1492231059621,0,0,0,0,1492231059624,1492231059625,1492231059630,1492231059630,1492231059630,None,1492231059920,1492231060000,1492231060001,1492231060185,1492231060192,1492231060194,1492231064716,1492231064716,1492231064717
1492231168293,0,0,0,0,1492231168296,1492231168297,1492231168302,1492231168302,1492231168302,None,1492231168397,1492231168489,1492231168490,1492231168490,1492231168500,1492231168502,1492231173231,1492231173231,1492231173233
1492231274512,0,0,0,0,1492231274516,1492231274516,1492231274521,1492231274521,1492231274521,None,1492231274572,1492231274653,1492231274653,1492231274654,1492231274662,1492231274713,1492231280655,1492231280655,1492231280656
1492231382744,0,0,0,0,1492231382747,1492231382747,1492231382752,1492231382752,1492231382752,None,1492231382810,1492231382887,1492231382888,1492231382929,1492231382937,1492231382938,1492231388985,1492231388985,1492231388986
1492231488427,0,0,0,0,1492231488429,1492231488429,1492231488433,1492231488433,1492231488433,None,1492231488477,1492231488558,1492231488558,1492231488559,1492231488572,1492231488573,1492231492931,1492231492931,1492231492932
1492231587345,0,0,0,0,1492231587348,1492231587348,1492231587350,1492231587350,1492231587350,None,1492231587393,1492231587496,1492231587496,1492231587497,1492231587505,1492231587506,1492231592827,1492231592828,1492231592829
1492231686614,0,0,0,0,1492231686617,1492231686617,1492231686621,1492231686621,1492231686621,None,1492231686943,1492231687021,1492231687022,1492231687022,1492231687032,1492231687034,1492231690696,1492231690696,1492231690697
1492231787428,0,0,0,0,1492231787432,1492231787432,1492231787438,1492231787438,1492231787438,None,1492231787492,1492231787593,1492231787593,1492231787594,1492231787602,1492231787604,1492231788693,1492231788693,1492231788694
1492231884873,0,0,0,0,1492231884876,1492231884876,1492231884877,1492231884877,1492231884877,None,1492231884922,1492231885004,1492231885004,1492231885005,1492231885012,1492231885014,1492231889237,1492231889237,1492231889238
1492231988560,0,0,0,0,1492231988563,1492231988563,1492231988566,1492231988566,1492231988566,None,1492231988606,1492231988723,1492231988725,1492231988723,1492231988734,1492231988735,1492231997033,1492231997034,1492231997035
1492232085869,0,0,0,0,1492232085872,1492232085872,1492232085876,1492232085876,1492232085876,None,1492232085922,1492232086060,1492232086060,1492232086061,1492232086070,1492232086071,1492232090680,1492232090681,1492232090682
1492232189432,0,0,0,0,1492232189442,1492232189442,1492232189445,1492232189445,1492232189445,None,1492232189490,1492232189569,1492232189570,1492232189570,1492232189584,1492232189586,1492232194251,1492232194252,1492232194253
1492232292296,0,0,0,0,1492232292299,1492232292299,1492232292306,1492232292307,1492232292308,None,1492232292363,1492232292467,1492232292467,1492232292468,1492232292476,1492232292478,1492232295774,1492232295774,1492232295775
1492232392510,0,0,0,0,1492232392514,1492232392514,1492232392519,1492232392519,1492232392519,None,1492232392567,1492232392679,1492232392679,1492232392680,1492232392688,1492232392689,1492232398730,1492232398730,1492232398731
1492232491633,0,0,0,0,1492232491636,1492232491637,1492232491640,1492232491640,1492232491640,None,1492232491674,1492232491754,1492232491754,1492232491755,1492232491764,1492232491766,1492232495795,1492232495795,1492232495796
1492232594073,0,0,0,0,1492232594080,1492232594080,1492232594081,1492232594081,1492232594081,None,1492232594139,1492232594225,1492232594225,1492232594227,1492232594235,1492232594237,1492232595323,1492232595323,1492232595324
1492232689861,0,0,0,0,1492232689864,1492232689864,1492232689871,1492232689871,1492232689871,None,1492232689929,1492232690008,1492232690009,1492232690009,1492232690017,1492232690018,1492232695416,1492232695416,1492232695417
1492232783239,0,0,0,0,1492232783242,1492232783242,1492232783243,1492232783243,1492232783243,None,1492232783307,1492232783392,1492232783396,1492232783393,1492232783403,1492232783404,1492232788317,1492232788318,1492232788319
1492232880820,0,0,0,0,1492232880823,1492232880823,1492232880825,1492232880825,1492232880825,None,1492232880875,1492232880978,1492232880978,1492232880979,1492232880986,1492232880988,1492232885749,1492232885749,1492232885750
1492232980054,0,0,0,0,1492232980057,1492232980057,1492232980061,1492232980061,1492232980061,None,1492232980120,1492232980205,1492232980205,1492232980206,1492232980215,1492232980216,1492232984166,1492232984166,1492232984167
1492233086076,0,0,0,0,1492233086079,1492233086079,1492233086164,1492233086164,1492233086165,None,1492233086214,1492233086320,1492233086320,1492233086321,1492233086330,1492233086331,1492233091362,1492233091363,1492233091363
1492233181415,0,0,0,0,1492233181418,1492233181418,1492233181419,1492233181419,1492233181419,None,1492233181472,1492233181554,1492233181554,1492233181555,1492233181564,1492233181565,1492233186644,1492233186645,1492233186646
1492233280490,0,0,0,0,1492233280503,1492233280503,1492233280506,1492233280506,1492233280506,None,1492233280547,1492233280625,1492233280626,1492233280749,1492233280758,1492233280759,1492233284590,1492233284591,1492233284591
1492233381936,0,0,0,0,1492233381940,1492233381940,1492233381943,1492233381943,1492233381943,None,1492233381988,1492233382074,1492233382075,1492233382075,1492233382083,1492233382085,1492233385437,1492233385437,1492233385438
1492233483463,0,0,0,0,1492233483466,1492233483467,1492233483470,1492233483470,1492233483470,None,1492233483595,1492233483698,1492233483698,1492233483700,1492233483711,1492233483713,1492233487976,1492233487976,1492233487977
1492233595984,0,0,0,0,1492233595987,1492233595987,1492233595994,1492233595994,1492233595994,None,1492233596036,1492233596137,1492233596137,1492233596138,1492233596146,1492233596147,1492233602060,1492233602060,1492233602061
1492233705014,0,0,0,0,1492233705017,1492233705017,1492233705017,1492233705017,1492233705017,None,1492233706072,1492233706169,1492233706169,1492233706170,1492233706180,1492233706182,1492233710225,1492233710225,1492233710226
1492233816452,0,0,0,0,1492233816456,1492233816456,1492233816457,1492233816457,1492233816457,None,1492233816499,1492233816783,1492233816783,1492233816784,1492233816792,1492233816794,1492233823610,1492233823610,1492233823611
1492233913998,0,0,0,0,1492233914003,1492233914003,1492233914018,1492233914018,1492233914018,None,1492233914053,1492233914134,1492233914134,1492233914135,1492233914143,1492233914144,1492233919265,1492233919266,1492233919266
1492234000322,0,0,0,0,1492234000325,1492234000325,1492234000328,1492234000328,1492234000328,None,1492234000382,1492234000462,1492234000463,1492234000463,1492234000471,1492234000473,1492234004991,1492234004992,1492234004993
1492234111038,0,0,0,0,1492234111041,1492234111041,1492234111045,1492234111045,1492234111045,None,1492234111093,1492234111174,1492234111175,1492234111176,1492234111184,1492234111186,1492234115850,1492234115850,1492234115851
1492234224546,0,0,0,0,1492234224548,1492234224548,1492234224550,1492234224550,1492234224550,None,1492234224610,1492234224696,1492234224696,1492234224697,1492234224705,1492234224707,1492234230362,1492234230363,1492234230364
1492234330072,0,0,0,0,1492234330075,1492234330075,1492234330075,1492234330075,1492234330075,None,1492234330121,1492234330216,1492234330216,1492234330217,1492234330228,1492234330230,1492234335569,1492234335569,1492234335570
1492234432320,0,0,0,0,1492234432322,1492234432323,1492234432360,1492234432360,1492234432360,None,1492234432405,1492234432493,1492234432493,1492234432493,1492234432502,1492234432503,1492234436800,1492234436800,1492234436801
