link,navigationStart, unloadEventStart, unloadEventEnd, redirectStart, redirectEnd, fetchStart, domainLookupStart, domainLookupEnd, connectStart, connectEnd, secureConnectionStart, requestStart, responseStart, responseEnd, domLoading, domInteractive, domContentLoadedEventStart, domComplete, loadEventStart, loadEventEnd
1492133109996,0,0,0,0,1492133109999,1492133109999,1492133110002,1492133110002,1492133110002,None,1492133110012,1492133110048,1492133110050,1492133110049,1492133110065,1492133110115,1492133110398,1492133110398,1492133110399
1492133175555,0,0,0,0,1492133175570,1492133175570,1492133175575,1492133175575,1492133175575,None,1492133175583,1492133175590,1492133175592,1492133175591,1492133175603,1492133175605,1492133176143,1492133176144,1492133176144
1492133251509,0,0,0,0,1492133251511,1492133251511,1492133251515,1492133251515,1492133251515,None,1492133251524,1492133251622,1492133251631,1492133251623,1492133252037,1492133252078,1492133254875,1492133254875,1492133254936
1492133325795,0,0,0,0,1492133325798,1492133325798,1492133325802,1492133325802,1492133325802,None,1492133325814,1492133325818,1492133325821,1492133325819,1492133325830,1492133325858,1492133326193,1492133326194,1492133326194
1492133396322,0,0,0,0,1492133396325,1492133396325,1492133396329,1492133396329,1492133396329,None,1492133396339,1492133396345,1492133396354,1492133396345,1492133397056,1492133397135,1492133398949,1492133398949,1492133399008
1492133571515,0,0,0,0,1492133571518,1492133571518,1492133571519,1492133571519,1492133571519,None,1492133571530,1492133571534,1492133571542,1492133571535,1492133571960,1492133572009,1492133573465,1492133573465,1492133573529
1492133635939,0,0,0,0,1492133635942,1492133635942,1492133635945,1492133635945,1492133635945,None,1492133635956,1492133636014,1492133636016,1492133636015,1492133636025,1492133636047,1492133636194,1492133636194,1492133636194
1492133706846,0,0,0,0,1492133706849,1492133706849,1492133706851,1492133706851,1492133706851,None,1492133706861,1492133706865,1492133706868,1492133706866,1492133706884,1492133706930,1492133707475,1492133707475,1492133707476
1492133766588,0,0,0,0,1492133766593,1492133766593,1492133766601,1492133766601,1492133766601,None,1492133766606,1492133766646,1492133766648,1492133766648,1492133766659,1492133766660,1492133767620,1492133767620,1492133767620
1492133838769,0,0,0,0,1492133838772,1492133838772,1492133840798,1492133840798,1492133840798,None,1492133840811,1492133840814,1492133840822,1492133840815,1492133841312,1492133841365,1492133842663,1492133842663,1492133842718
1492133902803,0,0,0,0,1492133902808,1492133902808,1492133902808,1492133902808,1492133902808,None,1492133902824,1492133902884,1492133902886,1492133902885,1492133902895,1492133902897,1492133903237,1492133903238,1492133903239
1492133967063,0,0,0,0,1492133967067,1492133967067,1492133967081,1492133967081,1492133967081,None,1492133967082,1492133967169,1492133967177,1492133967170,1492133967571,1492133967625,1492133971700,1492133971700,1492133971773
1492134045622,0,0,0,0,1492134045635,1492134045635,1492134045640,1492134045640,1492134045640,None,1492134045652,1492134045657,1492134045659,1492134045658,1492134045673,1492134045675,1492134046162,1492134046163,1492134046163
1492134120169,0,0,0,0,1492134120172,1492134120172,1492134120172,1492134120172,1492134120172,None,1492134120184,1492134120188,1492134120195,1492134120188,1492134120600,1492134120640,1492134124340,1492134124340,1492134124420
1492134198560,0,0,0,0,1492134198563,1492134198563,1492134198564,1492134198564,1492134198564,None,1492134198575,1492134198580,1492134198582,1492134198580,1492134198592,1492134198635,1492134201635,1492134201635,1492134201636
1492134279957,0,0,0,0,1492134279969,1492134279969,1492134279973,1492134279973,1492134279973,None,1492134279982,1492134279986,1492134279993,1492134279987,1492134280354,1492134280403,1492134284051,1492134284051,1492134284110
1492134362572,0,0,0,0,1492134362584,1492134362584,1492134362588,1492134362588,1492134362588,None,1492134362599,1492134362613,1492134362615,1492134362613,1492134362625,1492134362626,1492134362965,1492134362965,1492134362966
1492134440371,0,0,0,0,1492134440374,1492134440374,1492134440399,1492134440399,1492134440399,None,1492134440410,1492134440416,1492134440425,1492134440417,1492134440774,1492134440848,1492134443781,1492134443781,1492134443844
1492134516563,0,0,0,0,1492134516565,1492134516565,1492134516569,1492134516569,1492134516569,None,1492134516581,1492134516592,1492134516594,1492134516594,1492134516606,1492134516607,1492134517413,1492134517413,1492134517414
1492134589049,0,0,0,0,1492134589054,1492134589054,1492134589059,1492134589059,1492134589059,None,1492134589070,1492134589075,1492134589077,1492134589076,1492134589087,1492134589089,1492134589442,1492134589442,1492134589443
1492134664461,0,0,0,0,1492134664464,1492134664464,1492134664467,1492134664467,1492134664467,None,1492134664477,1492134664481,1492134664489,1492134664484,1492134664901,1492134664978,1492134667968,1492134667968,1492134667976
1492134750515,0,0,0,0,1492134750518,1492134750518,1492134750522,1492134750522,1492134750522,None,1492134750533,1492134750536,1492134750538,1492134750537,1492134750550,1492134750591,1492134754605,1492134754605,1492134754606
1492134825496,0,0,0,0,1492134825499,1492134825499,1492134825503,1492134825503,1492134825503,None,1492134825515,1492134825519,1492134825527,1492134825520,1492134825913,1492134825963,1492134827661,1492134827661,1492134827720
1492134897390,0,0,0,0,1492134897394,1492134897394,1492134897420,1492134897420,1492134897420,None,1492134897430,1492134897434,1492134897436,1492134897435,1492134897449,1492134897452,1492134897915,1492134897915,1492134897916
1492134973793,0,0,0,0,1492134973796,1492134973796,1492134973797,1492134973797,1492134973797,None,1492134973808,1492134973813,1492134973821,1492134973813,1492134974203,1492134974250,1492134978461,1492134978461,1492134978469
1492135048786,0,0,0,0,1492135048791,1492135048791,1492135048796,1492135048796,1492135048796,None,1492135048804,1492135048809,1492135048812,1492135048815,1492135048826,1492135048856,1492135049027,1492135049027,1492135049028
1492135130223,0,0,0,0,1492135130226,1492135130226,1492135130250,1492135130250,1492135130250,None,1492135130261,1492135130266,1492135130274,1492135130267,1492135132732,1492135132790,1492135134169,1492135134169,1492135134228
1492135208468,0,0,0,0,1492135208472,1492135208473,1492135208476,1492135208476,1492135208476,None,1492135208489,1492135208493,1492135208495,1492135208493,1492135208503,1492135208505,1492135208875,1492135208876,1492135208876
1492135285057,0,0,0,0,1492135285059,1492135285059,1492135285063,1492135285063,1492135285063,None,1492135285074,1492135285078,1492135285085,1492135285078,1492135285493,1492135285537,1492135289060,1492135289060,1492135289125
1492135364029,0,0,0,0,1492135364034,1492135364034,1492135364044,1492135364044,1492135364044,None,1492135364056,1492135364070,1492135364081,1492135364072,1492135364102,1492135364102,1492135367140,1492135367141,1492135367142
1492135446699,0,0,0,0,1492135446704,1492135446704,1492135446706,1492135446706,1492135446706,None,1492135446717,1492135446721,1492135446724,1492135446726,1492135446741,1492135446743,1492135449690,1492135449690,1492135449691
1492135526003,0,0,0,0,1492135526006,1492135526006,1492135526010,1492135526010,1492135526010,None,1492135526022,1492135526026,1492135526034,1492135526027,1492135526423,1492135526806,1492135531712,1492135531712,1492135531771
1492135598447,0,0,0,0,1492135598450,1492135598450,1492135598451,1492135598451,1492135598451,None,1492135598462,1492135598465,1492135598467,1492135598469,1492135598480,1492135598509,1492135598815,1492135598816,1492135598816
1492135674314,0,0,0,0,1492135674316,1492135674316,1492135674344,1492135674344,1492135674344,None,1492135674356,1492135674361,1492135674369,1492135674363,1492135674791,1492135674849,1492135678299,1492135678299,1492135678307
1492135741867,0,0,0,0,1492135741870,1492135741871,1492135741875,1492135741875,1492135741875,None,1492135741883,1492135741940,1492135741942,1492135741941,1492135741956,1492135741958,1492135742669,1492135742669,1492135742670
1492135818669,0,0,0,0,1492135818672,1492135818672,1492135818672,1492135818672,1492135818672,None,1492135818684,1492135818689,1492135818698,1492135818690,1492135821450,1492135821494,1492135822614,1492135822614,1492135822623
1492135899479,0,0,0,0,1492135899488,1492135899488,1492135899492,1492135899492,1492135899492,None,1492135899500,1492135899507,1492135899509,1492135899508,1492135899521,1492135899563,1492135901902,1492135901902,1492135901903
1492135984128,0,0,0,0,1492135984130,1492135984130,1492135984131,1492135984131,1492135984131,None,1492135984142,1492135984146,1492135984148,1492135984147,1492135984160,1492135984162,1492135984724,1492135984724,1492135984725
1492136056431,0,0,0,0,1492136056433,1492136056434,1492136056440,1492136056440,1492136056440,None,1492136056450,1492136056453,1492136056456,1492136056454,1492136056468,1492136056470,1492136056896,1492136056896,1492136056897
1492136134720,0,0,0,0,1492136134727,1492136134727,1492136134730,1492136134730,1492136134730,None,1492136134739,1492136134748,1492136134756,1492136134753,1492136135130,1492136135183,1492136139290,1492136139290,1492136139348
1492136215591,0,0,0,0,1492136215594,1492136215594,1492136215595,1492136215595,1492136215595,None,1492136215607,1492136215614,1492136215617,1492136215615,1492136215632,1492136215707,1492136215943,1492136215943,1492136215944
1492136296306,0,0,0,0,1492136296309,1492136296309,1492136296313,1492136296313,1492136296313,None,1492136296325,1492136296329,1492136296337,1492136296330,1492136296729,1492136296795,1492136300481,1492136300481,1492136300547
1492136371223,0,0,0,0,1492136371226,1492136371227,1492136371230,1492136371230,1492136371230,None,1492136371242,1492136371248,1492136371250,1492136371249,1492136371265,1492136371268,1492136371559,1492136371559,1492136371560
1492136460721,0,0,0,0,1492136460726,1492136460726,1492136460728,1492136460728,1492136460728,None,1492136460738,1492136460743,1492136460746,1492136460750,1492136460762,1492136460798,1492136460953,1492136460953,1492136460953
1492136533349,0,0,0,0,1492136533353,1492136533353,1492136533355,1492136533355,1492136533355,None,1492136533365,1492136533369,1492136533371,1492136533370,1492136533381,1492136533419,1492136533918,1492136533918,1492136533919
1492136608747,0,0,0,0,1492136608751,1492136608751,1492136608773,1492136608773,1492136608773,None,1492136608784,1492136608787,1492136608790,1492136608788,1492136608800,1492136608802,1492136612469,1492136612469,1492136612469
1492136690892,0,0,0,0,1492136690898,1492136690898,1492136690922,1492136690922,1492136690922,None,1492136690933,1492136690938,1492136690940,1492136690939,1492136690950,1492136690952,1492136691269,1492136691269,1492136691270
1492136780492,0,0,0,0,1492136780495,1492136780495,1492136780499,1492136780499,1492136780499,None,1492136780510,1492136780514,1492136780521,1492136780515,1492136780966,1492136781026,1492136785134,1492136785134,1492136785168
1492136861715,0,0,0,0,1492136861718,1492136861718,1492136861722,1492136861722,1492136861722,None,1492136861732,1492136861737,1492136861739,1492136861738,1492136861750,1492136861780,1492136864400,1492136864400,1492136864401
1492136950469,0,0,0,0,1492136950474,1492136950474,1492136950500,1492136950500,1492136950500,None,1492136950511,1492136950516,1492136950524,1492136950517,1492136950918,1492136950965,1492136953817,1492136953817,1492136953879
1492137024401,0,0,0,0,1492137024415,1492137024415,1492137024420,1492137024420,1492137024420,None,1492137024432,1492137024436,1492137024438,1492137024437,1492137024447,1492137024449,1492137024789,1492137024790,1492137024790
1492137107814,0,0,0,0,1492137107823,1492137107823,1492137107849,1492137107849,1492137107849,None,1492137107860,1492137107865,1492137107873,1492137107866,1492137108207,1492137108331,1492137112638,1492137112638,1492137112702
1492137188266,0,0,0,0,1492137188269,1492137188269,1492137188270,1492137188270,1492137188270,None,1492137188281,1492137188285,1492137188288,1492137188286,1492137188297,1492137188298,1492137191612,1492137191613,1492137191613
1492137272154,0,0,0,0,1492137272157,1492137272157,1492137272161,1492137272161,1492137272161,None,1492137272171,1492137272175,1492137272183,1492137272176,1492137272550,1492137272637,1492137276678,1492137276678,1492137276731
1492137345211,0,0,0,0,1492137345215,1492137345215,1492137345216,1492137345216,1492137345216,None,1492137345227,1492137345268,1492137345270,1492137345269,1492137345280,1492137345282,1492137345491,1492137345492,1492137345492
1492137428196,0,0,0,0,1492137428201,1492137428201,1492137428206,1492137428206,1492137428206,None,1492137428217,1492137428221,1492137428223,1492137428222,1492137428233,1492137428235,1492137428438,1492137428438,1492137428439
1492137511067,0,0,0,0,1492137511071,1492137511071,1492137511143,1492137511143,1492137511143,None,1492137511154,1492137511161,1492137511170,1492137511162,1492137512129,1492137512188,1492137515896,1492137515896,1492137515958
1492137588721,0,0,0,0,1492137588726,1492137588726,1492137588730,1492137588730,1492137588730,None,1492137588740,1492137588744,1492137588746,1492137588748,1492137588761,1492137588762,1492137588962,1492137588962,1492137588963
1492137670071,0,0,0,0,1492137670074,1492137670074,1492137670078,1492137670078,1492137670078,None,1492137670090,1492137670096,1492137670105,1492137670097,1492137670478,1492137670592,1492137673221,1492137673221,1492137673231
1492137754011,0,0,0,0,1492137754016,1492137754016,1492137754030,1492137754030,1492137754030,None,1492137754031,1492137754035,1492137754038,1492137754036,1492137754049,1492137754051,1492137757714,1492137757714,1492137757715
1492137829976,0,0,0,0,1492137829979,1492137829979,1492137829991,1492137829991,1492137829991,None,1492137829994,1492137829999,1492137830001,1492137830000,1492137830013,1492137830015,1492137832061,1492137832061,1492137832063
1492137906740,0,0,0,0,1492137906745,1492137906745,1492137906748,1492137906748,1492137906748,None,1492137906757,1492137906760,1492137906762,1492137906767,1492137906781,1492137906782,1492137907214,1492137907214,1492137907215
1492137986726,0,0,0,0,1492137986731,1492137986731,1492137986731,1492137986731,1492137986731,None,1492137986746,1492137986750,1492137986752,1492137986750,1492137986762,1492137986795,1492137986963,1492137986964,1492137986964
1492138068597,0,0,0,0,1492138068600,1492138068600,1492138068606,1492138068606,1492138068606,None,1492138068617,1492138068621,1492138068623,1492138068622,1492138068635,1492138068687,1492138070866,1492138070867,1492138070867
1492138152849,0,0,0,0,1492138152853,1492138152853,1492138152858,1492138152858,1492138152858,None,1492138152870,1492138152875,1492138152886,1492138152876,1492138155290,1492138155381,1492138156714,1492138156714,1492138156725
1492138229922,0,0,0,0,1492138229936,1492138229936,1492138229940,1492138229940,1492138229940,None,1492138229951,1492138229954,1492138229956,1492138229955,1492138229966,1492138229968,1492138230994,1492138230994,1492138230994
1492138311324,0,0,0,0,1492138311326,1492138311327,1492138311332,1492138311332,1492138311332,None,1492138311341,1492138311345,1492138311347,1492138311345,1492138311361,1492138311363,1492138311740,1492138311740,1492138311741
1492138394886,0,0,0,0,1492138394889,1492138394889,1492138396915,1492138396915,1492138396915,None,1492138396926,1492138396930,1492138396932,1492138396930,1492138396941,1492138396942,1492138397594,1492138397594,1492138397595
1492138478346,0,0,0,0,1492138478349,1492138478349,1492138478354,1492138478354,1492138478354,None,1492138478365,1492138478370,1492138478378,1492138478371,1492138478781,1492138478819,1492138482445,1492138482445,1492138482455
1492138558213,0,0,0,0,1492138558216,1492138558216,1492138558220,1492138558220,1492138558220,None,1492138558230,1492138558234,1492138558237,1492138558235,1492138558251,1492138558253,1492138558560,1492138558561,1492138558561
1492138640424,0,0,0,0,1492138640426,1492138640426,1492138640430,1492138640430,1492138640430,None,1492138640441,1492138640445,1492138640453,1492138640446,1492138640824,1492138640867,1492138643704,1492138643704,1492138643713
1492138726807,0,0,0,0,1492138726810,1492138726810,1492138726814,1492138726814,1492138726814,None,1492138726825,1492138726830,1492138726832,1492138726831,1492138726842,1492138726844,1492138729892,1492138729892,1492138729893
1492138805557,0,0,0,0,1492138805561,1492138805561,1492138805576,1492138805576,1492138805576,None,1492138805577,1492138805581,1492138805590,1492138805582,1492138806153,1492138806221,1492138808192,1492138808192,1492138808200
1492138879009,0,0,0,0,1492138879012,1492138879012,1492138879015,1492138879015,1492138879015,None,1492138879023,1492138879027,1492138879030,1492138879028,1492138879042,1492138879045,1492138881757,1492138881758,1492138881758
1492138961985,0,0,0,0,1492138961989,1492138961989,1492138961989,1492138961989,1492138961989,None,1492138962001,1492138962005,1492138962014,1492138962007,1492138962332,1492138962459,1492138967021,1492138967021,1492138967080
1492139028859,0,0,0,0,1492139028862,1492139028862,1492139029668,1492139029668,1492139029668,None,1492139029680,1492139029738,1492139029741,1492139029739,1492139029750,1492139029752,1492139031033,1492139031033,1492139031034
1492139104314,0,0,0,0,1492139104319,1492139104319,1492139104324,1492139104324,1492139104324,None,1492139104334,1492139104338,1492139104346,1492139104347,1492139104733,1492139104808,1492139108307,1492139108307,1492139108366
1492139183668,0,0,0,0,1492139183687,1492139183687,1492139183691,1492139183691,1492139183691,None,1492139183704,1492139183707,1492139183710,1492139183708,1492139183728,1492139183731,1492139186162,1492139186165,1492139186166
1492139266758,0,0,0,0,1492139266761,1492139266761,1492139266764,1492139266764,1492139266764,None,1492139266775,1492139266779,1492139266787,1492139266780,1492139269379,1492139269542,1492139270646,1492139270646,1492139270653
1492139345014,0,0,0,0,1492139345017,1492139345017,1492139345026,1492139345026,1492139345026,None,1492139345037,1492139345041,1492139345043,1492139345042,1492139345054,1492139345056,1492139347391,1492139347391,1492139347391
1492139425774,0,0,0,0,1492139425778,1492139425778,1492139425783,1492139425783,1492139425783,None,1492139425793,1492139425799,1492139425807,1492139425802,1492139426175,1492139426223,1492139429479,1492139429479,1492139429489
1492139503745,0,0,0,0,1492139503751,1492139503751,1492139503756,1492139503756,1492139503756,None,1492139503766,1492139503769,1492139503771,1492139503776,1492139503787,1492139503789,1492139504148,1492139504149,1492139504150
1492139586385,0,0,0,0,1492139586390,1492139586390,1492139586395,1492139586395,1492139586395,None,1492139586405,1492139586410,1492139586418,1492139586411,1492139586827,1492139586910,1492139590124,1492139590124,1492139590132
1492139669595,0,0,0,0,1492139669599,1492139669599,1492139669600,1492139669600,1492139669600,None,1492139669613,1492139669618,1492139669620,1492139669623,1492139669637,1492139669639,1492139672778,1492139672778,1492139672779
1492139754136,0,0,0,0,1492139754139,1492139754140,1492139754143,1492139754143,1492139754143,None,1492139754155,1492139754158,1492139754160,1492139754159,1492139754172,1492139754211,1492139754998,1492139754998,1492139755000
1492139836676,0,0,0,0,1492139836678,1492139836678,1492139836679,1492139836679,1492139836679,None,1492139836691,1492139836694,1492139836702,1492139836695,1492139837051,1492139837102,1492139840642,1492139840643,1492139840703
1492139907677,0,0,0,0,1492139907680,1492139907681,1492139907706,1492139907706,1492139907706,None,1492139907717,1492139907721,1492139907723,1492139907722,1492139907736,1492139907738,1492139908089,1492139908092,1492139908092
1492139987638,0,0,0,0,1492139987641,1492139987641,1492139987645,1492139987645,1492139987645,None,1492139987656,1492139987660,1492139987668,1492139987662,1492139988060,1492139988107,1492139991550,1492139991550,1492139991561
1492140074403,0,0,0,0,1492140074408,1492140074408,1492140074416,1492140074416,1492140074416,None,1492140074512,1492140074589,1492140074590,1492140074590,1492140074598,1492140074599,1492140080985,1492140080985,1492140080986
1492140186177,0,0,0,0,1492140186181,1492140186181,1492140186184,1492140186184,1492140186184,None,1492140186282,1492140186382,1492140186400,1492140186383,1492140186442,1492140186442,1492140193115,1492140193115,1492140193116
1492140283546,0,0,0,0,1492140283551,1492140283551,1492140283557,1492140283557,1492140283557,None,1492140283657,1492140283740,1492140283740,1492140283741,1492140283750,1492140283751,1492140288604,1492140288605,1492140288606
1492140377671,0,0,0,0,1492140377675,1492140377675,1492140377676,1492140377676,1492140377676,None,1492140377784,1492140377895,1492140377895,1492140377896,1492140377907,1492140377909,1492140380967,1492140380967,1492140380968
1492140475575,0,0,0,0,1492140475579,1492140475579,1492140475580,1492140475580,1492140475580,None,1492140476669,1492140476772,1492140476772,1492140476773,1492140476781,1492140476782,1492140482770,1492140482770,1492140482771
1492140575938,0,0,0,0,1492140575941,1492140575941,1492140575946,1492140575946,1492140575946,None,1492140576039,1492140576366,1492140576366,1492140576367,1492140576377,1492140576379,1492140581586,1492140581587,1492140581588
1492140679015,0,0,0,0,1492140679018,1492140679018,1492140679023,1492140679023,1492140679023,None,1492140679115,1492140679214,1492140679215,1492140679215,1492140679223,1492140679224,1492140684103,1492140684103,1492140684104
1492140783229,0,0,0,0,1492140783232,1492140783232,1492140783233,1492140783233,1492140783233,None,1492140783870,1492140783950,1492140783953,1492140783951,1492140783961,1492140783962,1492140789467,1492140789467,1492140789468
1492140889626,0,0,0,0,1492140889630,1492140889630,1492140889655,1492140889655,1492140889655,None,1492140889746,1492140889839,1492140889840,1492140889840,1492140889848,1492140889850,1492140896838,1492140896839,1492140896840
1492140991799,0,0,0,0,1492140991802,1492140991803,1492140991806,1492140991806,1492140991806,None,1492140991896,1492140991975,1492140991976,1492140991976,1492140991987,1492140991989,1492140996097,1492140996097,1492140996098
1492141094206,0,0,0,0,1492141094210,1492141094210,1492141094228,1492141094228,1492141094228,None,1492141094306,1492141094387,1492141094388,1492141094388,1492141094397,1492141094398,1492141099425,1492141099425,1492141099426
1492141189738,0,0,0,0,1492141189749,1492141189749,1492141189753,1492141189753,1492141189753,None,1492141190834,1492141190934,1492141190934,1492141190935,1492141190943,1492141190945,1492141196770,1492141196771,1492141196772
1492141291509,0,0,0,0,1492141291512,1492141291512,1492141291520,1492141291520,1492141291520,None,1492141291611,1492141291693,1492141291693,1492141291694,1492141291703,1492141291706,1492141296920,1492141296921,1492141296921
1492141390529,0,0,0,0,1492141390532,1492141390532,1492141390536,1492141390536,1492141390536,None,1492141390625,1492141390709,1492141390709,1492141390710,1492141390720,1492141390722,1492141394818,1492141394818,1492141394819
1492141498277,0,0,0,0,1492141498286,1492141498286,1492141498290,1492141498290,1492141498290,None,1492141498386,1492141498482,1492141498484,1492141498483,1492141498495,1492141498496,1492141503764,1492141503764,1492141503765
1492141600011,0,0,0,0,1492141600014,1492141600014,1492141600017,1492141600017,1492141600017,None,1492141600106,1492141600185,1492141600186,1492141600186,1492141600195,1492141600196,1492141606024,1492141606024,1492141606025
1492141706848,0,0,0,0,1492141706852,1492141706852,1492141706860,1492141706860,1492141706860,None,1492141706957,1492141707035,1492141707036,1492141707356,1492141707364,1492141707365,1492141712125,1492141712126,1492141712126
1492141799914,0,0,0,0,1492141799919,1492141799920,1492141799920,1492141799920,1492141799920,None,1492141800016,1492141800097,1492141800098,1492141800098,1492141800108,1492141800109,1492141804926,1492141804926,1492141804927
1492141896122,0,0,0,0,1492141896125,1492141896125,1492141896126,1492141896126,1492141896126,None,1492141896215,1492141896328,1492141896328,1492141896329,1492141896338,1492141896422,1492141901935,1492141901935,1492141901936
1492141998036,0,0,0,0,1492141998049,1492141998049,1492141998052,1492141998052,1492141998052,None,1492141998160,1492141998252,1492141998253,1492141998253,1492141998263,1492141998265,1492142005740,1492142005741,1492142005742
1492142104224,0,0,0,0,1492142104234,1492142104234,1492142104241,1492142104241,1492142104241,None,1492142104336,1492142104416,1492142104418,1492142104417,1492142104426,1492142104427,1492142110889,1492142110889,1492142110890
1492142210961,0,0,0,0,1492142210971,1492142210971,1492142210976,1492142210976,1492142210976,None,1492142211067,1492142211180,1492142211182,1492142211181,1492142211190,1492142211191,1492142220299,1492142220299,1492142220300
1492142304602,0,0,0,0,1492142304609,1492142304609,1492142304634,1492142304634,1492142304634,None,1492142304725,1492142304830,1492142304830,1492142304831,1492142304839,1492142304841,1492142309884,1492142309884,1492142309885
1492142403693,0,0,0,0,1492142403697,1492142403697,1492142403700,1492142403700,1492142403700,None,1492142403747,1492142403828,1492142403828,1492142403829,1492142403837,1492142403838,1492142409055,1492142409056,1492142409057
1492142516078,0,0,0,0,1492142516082,1492142516082,1492142516089,1492142516089,1492142516089,None,1492142516183,1492142516284,1492142516284,1492142516285,1492142516298,1492142516300,1492142520413,1492142520413,1492142520415
1492142608817,0,0,0,0,1492142608821,1492142608821,1492142608828,1492142608828,1492142608828,None,1492142608920,1492142608996,1492142609003,1492142608997,1492142609060,1492142609060,1492142613725,1492142613725,1492142613726
1492142707363,0,0,0,0,1492142707365,1492142707365,1492142707369,1492142707369,1492142707369,None,1492142707465,1492142707546,1492142707546,1492142707547,1492142707555,1492142707557,1492142712256,1492142712257,1492142712258
1492142801130,0,0,0,0,1492142801133,1492142801133,1492142801134,1492142801134,1492142801134,None,1492142801224,1492142801303,1492142801304,1492142801304,1492142801312,1492142801373,1492142805195,1492142805195,1492142805195
1492142892253,0,0,0,0,1492142892257,1492142892257,1492142892262,1492142892262,1492142892262,None,1492142892311,1492142892390,1492142892390,1492142892392,1492142892401,1492142892402,1492142897612,1492142897612,1492142897614
1492142993273,0,0,0,0,1492142993287,1492142993287,1492142993290,1492142993290,1492142993290,None,1492142993386,1492142993470,1492142993473,1492142993471,1492142993481,1492142993482,1492142998693,1492142998693,1492142998695
1492143090885,0,0,0,0,1492143090889,1492143090889,1492143090890,1492143090890,1492143090890,None,1492143091235,1492143091341,1492143091342,1492143091342,1492143091357,1492143091359,1492143096009,1492143096009,1492143096010
1492143188405,0,0,0,0,1492143188408,1492143188408,1492143188412,1492143188412,1492143188412,None,1492143188500,1492143188579,1492143188580,1492143188580,1492143188588,1492143188590,1492143192856,1492143192856,1492143192857
1492143287635,0,0,0,0,1492143287638,1492143287638,1492143287640,1492143287640,1492143287640,None,1492143287731,1492143287813,1492143287813,1492143287815,1492143287826,1492143287827,1492143292361,1492143292362,1492143292362
1492143393034,0,0,0,0,1492143393036,1492143393037,1492143393040,1492143393040,1492143393040,None,1492143393130,1492143393226,1492143393226,1492143393227,1492143393235,1492143393295,1492143399393,1492143399393,1492143399394
1492143501336,0,0,0,0,1492143501351,1492143501351,1492143501354,1492143501354,1492143501354,None,1492143501442,1492143501522,1492143501522,1492143501523,1492143501532,1492143501533,1492143507336,1492143507337,1492143507337
1492143604864,0,0,0,0,1492143604869,1492143604869,1492143604876,1492143604876,1492143604876,None,1492143604970,1492143605060,1492143605061,1492143605061,1492143605069,1492143605070,1492143610098,1492143610099,1492143610099
1492143698981,0,0,0,0,1492143698984,1492143698984,1492143698989,1492143698989,1492143698989,None,1492143699076,1492143699187,1492143699187,1492143699188,1492143699196,1492143699198,1492143704417,1492143704418,1492143704419
1492143798977,0,0,0,0,1492143798980,1492143798980,1492143798981,1492143798981,1492143798981,None,1492143799018,1492143799103,1492143799103,1492143799104,1492143799112,1492143799113,1492143803268,1492143803269,1492143803269
1492143892875,0,0,0,0,1492143892884,1492143892884,1492143892898,1492143892898,1492143892898,None,1492143892990,1492143893090,1492143893090,1492143893091,1492143893103,1492143893105,1492143899901,1492143899902,1492143899903
1492143993980,0,0,0,0,1492143993984,1492143993984,1492143994007,1492143994007,1492143994007,None,1492143995101,1492143995188,1492143995189,1492143995189,1492143995203,1492143995204,1492144000942,1492144000942,1492144000943
1492144089709,0,0,0,0,1492144089712,1492144089712,1492144089718,1492144089718,1492144089718,None,1492144089814,1492144089926,1492144089926,1492144089927,1492144089936,1492144089937,1492144094859,1492144094860,1492144094861
1492144183276,0,0,0,0,1492144183279,1492144183279,1492144183280,1492144183280,1492144183280,None,1492144184557,1492144184644,1492144184644,1492144184645,1492144184653,1492144184654,1492144188100,1492144188101,1492144188101
1492144277498,0,0,0,0,1492144277501,1492144277501,1492144277504,1492144277504,1492144277504,None,1492144278595,1492144278693,1492144278693,1492144278693,1492144278701,1492144278703,1492144280599,1492144280599,1492144280600
1492144377778,0,0,0,0,1492144377791,1492144377791,1492144377796,1492144377796,1492144377796,None,1492144377885,1492144377965,1492144377965,1492144377965,1492144377974,1492144377975,1492144383987,1492144383987,1492144383988
1492144471441,0,0,0,0,1492144471446,1492144471446,1492144471451,1492144471451,1492144471451,None,1492144471550,1492144471630,1492144471630,1492144471631,1492144471639,1492144471641,1492144475838,1492144475838,1492144475838
1492144569544,0,0,0,0,1492144569557,1492144569558,1492144569562,1492144569562,1492144569562,None,1492144569648,1492144569743,1492144569744,1492144569744,1492144569752,1492144569753,1492144570821,1492144570821,1492144570822
1492144666597,0,0,0,0,1492144666600,1492144666600,1492144666608,1492144666608,1492144666608,None,1492144666703,1492144666812,1492144666815,1492144666813,1492144666822,1492144666887,1492144672571,1492144672572,1492144672573
1492144775271,0,0,0,0,1492144775276,1492144775276,1492144775277,1492144775277,1492144775277,None,1492144776365,1492144776466,1492144776467,1492144776467,1492144776478,1492144776480,1492144781704,1492144781704,1492144781705
1492144880456,0,0,0,0,1492144880459,1492144880459,1492144880462,1492144880462,1492144880462,None,1492144880555,1492144880637,1492144880637,1492144880638,1492144880646,1492144880647,1492144885420,1492144885421,1492144885422
1492144992278,0,0,0,0,1492144992283,1492144992283,1492144992298,1492144992298,1492144992298,None,1492144992379,1492144992468,1492144992468,1492144992469,1492144992482,1492144992484,1492144998073,1492144998073,1492144998074
1492145095483,0,0,0,0,1492145095488,1492145095488,1492145095491,1492145095491,1492145095491,None,1492145095596,1492145095677,1492145095677,1492145095677,1492145095686,1492145095688,1492145102442,1492145102443,1492145102443
1492145202714,0,0,0,0,1492145202728,1492145202728,1492145202732,1492145202732,1492145202732,None,1492145202825,1492145202906,1492145202906,1492145202907,1492145202915,1492145202916,1492145207966,1492145207967,1492145207969
1492145303594,0,0,0,0,1492145303597,1492145303597,1492145303599,1492145303599,1492145303599,None,1492145303728,1492145303805,1492145303806,1492145303806,1492145303814,1492145303815,1492145308290,1492145308290,1492145308291
1492145406652,0,0,0,0,1492145406657,1492145406658,1492145406659,1492145406659,1492145406659,None,1492145406751,1492145406830,1492145406831,1492145406830,1492145406842,1492145406844,1492145411903,1492145411903,1492145411904
1492145511972,0,0,0,0,1492145511982,1492145511982,1492145511985,1492145511985,1492145511985,None,1492145512075,1492145512156,1492145512156,1492145512157,1492145512165,1492145512226,1492145516440,1492145516441,1492145516442
1492145620254,0,0,0,0,1492145620257,1492145620257,1492145620259,1492145620259,1492145620259,None,1492145622372,1492145622450,1492145622451,1492145622451,1492145622459,1492145622460,1492145627211,1492145627212,1492145627213
1492145723239,0,0,0,0,1492145723247,1492145723247,1492145723252,1492145723252,1492145723252,None,1492145723346,1492145723430,1492145723431,1492145723431,1492145723440,1492145723441,1492145728538,1492145728538,1492145728539
1492145841994,0,0,0,0,1492145841997,1492145841997,1492145841999,1492145841999,1492145841999,None,1492145842090,1492145842176,1492145842177,1492145842177,1492145842189,1492145842263,1492145847824,1492145847824,1492145847825
1492145941563,0,0,0,0,1492145941566,1492145941566,1492145941568,1492145941568,1492145941568,None,1492145941666,1492145941747,1492145941748,1492145941748,1492145941757,1492145941758,1492145947399,1492145947399,1492145947400
1492146048928,0,0,0,0,1492146048931,1492146048931,1492146048931,1492146048931,1492146048931,None,1492146049025,1492146049104,1492146049104,1492146049105,1492146049117,1492146049120,1492146054193,1492146054193,1492146054194
1492146195196,0,0,0,0,1492146195198,1492146195198,1492146195200,1492146195200,1492146195200,None,1492146196295,1492146196403,1492146196404,1492146196404,1492146196414,1492146196415,1492146200025,1492146200025,1492146200026
1492146300557,0,0,0,0,1492146300560,1492146300560,1492146300565,1492146300565,1492146300565,None,1492146300656,1492146300778,1492146300779,1492146300779,1492146300789,1492146300791,1492146305023,1492146305023,1492146305024
1492146403818,0,0,0,0,1492146403824,1492146403824,1492146403836,1492146403836,1492146403836,None,1492146403922,1492146404050,1492146404083,1492146404050,1492146404116,1492146404116,1492146410571,1492146410573,1492146410574
1492146501942,0,0,0,0,1492146501945,1492146501945,1492146501946,1492146501946,1492146501946,None,1492146502049,1492146502129,1492146502130,1492146502130,1492146502142,1492146502144,1492146505873,1492146505874,1492146505875
1492146605269,0,0,0,0,1492146605274,1492146605274,1492146606080,1492146606080,1492146606080,None,1492146606174,1492146606287,1492146606288,1492146606287,1492146606296,1492146606346,1492146609024,1492146609025,1492146609026
1492146690646,0,0,0,0,1492146690650,1492146690650,1492146690652,1492146690652,1492146690652,None,1492146690742,1492146690826,1492146690826,1492146690827,1492146690835,1492146690837,1492146695105,1492146695105,1492146695106
1492146781049,0,0,0,0,1492146781052,1492146781052,1492146781055,1492146781055,1492146781055,None,1492146782197,1492146782282,1492146782282,1492146782283,1492146782291,1492146782293,1492146785853,1492146785853,1492146785854
1492146877798,0,0,0,0,1492146877803,1492146877803,1492146877813,1492146877813,1492146877813,None,1492146877908,1492146878039,1492146878040,1492146878040,1492146878048,1492146878050,1492146881750,1492146881751,1492146881752
1492146969743,0,0,0,0,1492146969746,1492146969746,1492146969748,1492146969748,1492146969748,None,1492146969839,1492146969922,1492146969924,1492146969922,1492146969931,1492146969932,1492146973731,1492146973731,1492146973732
1492147066312,0,0,0,0,1492147066316,1492147066317,1492147066319,1492147066319,1492147066319,None,1492147066408,1492147066485,1492147066485,1492147066485,1492147066493,1492147066495,1492147072470,1492147072470,1492147072471
1492147168509,0,0,0,0,1492147168513,1492147168513,1492147168519,1492147168519,1492147168519,None,1492147168610,1492147168709,1492147168710,1492147168710,1492147168719,1492147168720,1492147173717,1492147173717,1492147173718
1492147268831,0,0,0,0,1492147268835,1492147268835,1492147268851,1492147268851,1492147268851,None,1492147269932,1492147270009,1492147270010,1492147270010,1492147270021,1492147270023,1492147274201,1492147274201,1492147274202
1492147369117,0,0,0,0,1492147369121,1492147369121,1492147370040,1492147370040,1492147370040,None,1492147370118,1492147370222,1492147370222,1492147370223,1492147370231,1492147370233,1492147373879,1492147373880,1492147373881
1492147470136,0,0,0,0,1492147470139,1492147470139,1492147470140,1492147470140,1492147470140,None,1492147470231,1492147470321,1492147470321,1492147470322,1492147470330,1492147470331,1492147475298,1492147475298,1492147475299
1492147580045,0,0,0,0,1492147580048,1492147580048,1492147580049,1492147580049,1492147580049,None,1492147580141,1492147580241,1492147580242,1492147580242,1492147580250,1492147580251,1492147586118,1492147586118,1492147586119
